Score: 31
1 5 17 18 26 49 51 56 62 63 66 80 88 91 99 101 119 136 148 150 153 154 167 174 175 180 195 198 203 209 212 217 224 227 266 283 301 311 313 315 316 317 330 333 340 346 348 351 353 358 362 376 383 395 415 416 443 445 448 458 464 478 493 494 496
1 35 55 70 72 76 86 89 93 101 103 105 111 120 122 127 130 131 135 153 156 162 164 171 187 191 195 201 208 218 219 221 226 255 292 295 320 322 350 352 355 358 362 364 368 371 382 393 394 421 424 426 433 435 444 462 467 484 486 493
1 5 8 31 34 50 52 55 59 67 75 78 80 96 97 100 104 118 130 131 142 145 158 170 184 186 193 198 207 223 229 232 234 242 253 255 271 272 273 296 301 308 323 330 334 340 353 366 395 399 418 428 451 457 466 471 475 486 491
1 6 12 13 24 27 31 55 63 67 72 77 78 83 84 85 91 104 115 125 129 137 146 149 160 162 164 169 171 181 183 219 231 235 257 261 262 270 274 288 305 310 318 322 323 325 329 332 343 346 356 369 378 400 425 433 441 457 485
1 10 34 38 39 57 59 63 68 70 71 89 100 103 107 112 117 119 148 163 174 177 183 189 194 202 208 209 211 229 234 235 240 251 255 268 282 286 287 311 313 321 322 344 356 360 363 391 393 395 411 421 429 458 462 468 488 491
1 15 23 29 36 39 42 44 54 71 74 76 78 86 88 92 102 127 148 156 157 169 172 186 193 225 231 236 259 263 265 267 291 292 313 317 322 326 329 332 350 351 353 361 363 373 374 395 405 409 427 441 443 475 476 489
1 17 27 29 52 70 94 102 104 122 138 141 142 162 194 203 208 221 226 242 254 258 261 265 266 271 274 278 287 291 297 303 326 328 336 338 349 353 356 369 373 381 388 394 395 398 403 409 411 414 415 417 428 430 444 456
1 23 32 51 56 62 65 72 76 87 99 106 110 125 137 142 153 164 169 170 202 207 214 247 252 260 267 269 271 282 286 287 302 304 310 328 351 352 353 361 364 366 375 382 384 385 414 420 444 449 453 460 472 480 482 487
1 16 22 34 39 42 50 56 58 66 95 102 103 104 129 137 149 159 160 169 194 196 202 215 218 225 227 241 245 255 256 265 271 282 284 305 315 321 344 356 363 380 382 383 387 402 430 431 432 465 469 484 491 498 499
1 8 13 22 25 36 43 68 79 103 120 123 128 166 176 178 192 198 199 206 208 217 219 221 229 232 250 261 270 287 303 305 336 338 350 367 379 382 389 394 402 404 407 409 417 428 436 444 447 449 455 473 475
1 36 40 46 52 56 59 68 69 80 94 100 110 111 116 123 139 141 148 169 178 181 203 228 230 231 241 245 257 260 283 299 309 337 347 354 360 362 380 413 416 419 421 423 428 436 438 439 452 463 474 491 499
1 0 8 9 14 18 21 22 40 55 71 72 75 93 108 111 115 126 135 138 147 150 168 174 177 187 191 218 223 238 243 255 259 261 264 275 280 306 318 351 353 355 356 399 407 411 439 469 474 480 484 488 492
1 3 12 24 30 36 38 55 59 81 96 98 99 108 122 149 160 163 165 172 188 197 204 207 209 215 224 229 234 245 285 289 318 327 328 330 341 357 371 374 382 388 402 424 436 449 455 461 464 471 492 497
1 2 4 11 27 34 36 50 67 74 102 111 121 138 147 161 166 176 182 191 196 200 206 216 220 225 245 249 265 268 290 291 304 307 308 326 353 358 386 402 410 420 426 430 437 438 456 458 465 487 498
1 5 15 20 21 33 60 68 90 95 100 111 124 137 142 150 166 168 174 176 187 192 194 214 219 228 246 257 262 279 281 296 313 317 327 338 339 344 376 396 416 422 423 432 454 471 477 482 486
1 29 40 42 55 57 58 82 85 123 131 133 145 146 155 169 185 199 205 206 210 227 242 250 268 269 282 294 310 314 331 335 344 349 350 362 372 404 407 411 433 434 451 456 476 480 486 491 497
1 22 47 55 75 95 102 117 137 141 144 146 153 155 159 164 171 191 220 228 230 231 233 235 255 260 267 268 276 284 286 292 298 303 314 324 338 343 348 350 371 376 392 411 462 480 482 494
1 0 2 29 30 34 54 79 85 91 96 98 107 113 134 145 154 166 168 176 188 190 193 214 219 220 222 245 272 299 307 313 327 331 332 336 340 344 353 356 389 390 396 406 410 445 462 479
1 2 10 21 23 28 53 58 61 67 71 116 123 142 162 177 179 202 203 231 245 248 249 255 290 315 323 327 332 336 345 346 349 363 365 371 377 397 401 408 423 430 434 446 466 490 492
1 4 7 9 25 35 50 53 59 72 101 118 142 157 160 168 169 173 179 192 197 200 205 219 220 237 249 259 269 285 291 293 295 308 314 341 349 390 423 441 466 476 483 495 498
1 38 45 48 49 58 60 61 66 73 88 95 108 135 146 155 169 171 193 210 218 222 225 240 264 268 272 277 285 300 312 327 339 378 418 437 451 458 466 474 476
2 11 17 27 37 44 56 57 62 66 67 105 119 129 131 132 135 147 151 152 153 164 165 166 192 197 199 217 244 253 255 260 261 274 280 285 297 299 313 314 319 320 340 342 346 368 384 388 394 403 410 414 440 454 479 483 493
2 1 3 7 8 21 22 66 71 109 114 134 145 153 179 196 220 262 263 278 287 289 304 309 310 319 327 330 337 346 349 353 356 357 358 364 377 385 387 390 391 394 408 412 425 434 435 448 449 450 463 465 474 481 486 496
2 9 12 19 27 33 41 50 76 78 88 100 134 147 151 154 169 193 202 209 217 234 241 244 252 272 292 307 314 316 330 331 333 334 339 359 367 370 376 379 409 442 446 455 459 462 463 464 483 485 487 493 497
2 12 13 34 35 49 50 66 74 87 98 117 124 135 140 143 153 157 160 167 168 186 187 226 228 240 245 248 257 258 266 267 288 289 294 334 349 356 364 367 373 374 396 404 426 428 437 451 466 468 469 472 499
2 1 40 48 64 79 112 145 153 154 155 161 172 175 178 187 213 225 228 239 251 267 270 277 282 292 299 313 322 343 350 362 365 370 380 382 390 393 400 404 419 426 443 455 461 468 470 476 484 485 495
