Score: 146
1 3 11 35 57 60 77 82 100 102 120 140 179 182 186 187
1 16 34 47 65 66 82 101 102 146 161 162 190 191
1 27 53 60 64 96 123 125 140 142 151 191 196
1 20 25 38 43 66 67 69 87 94 124 155
1 20 29 38 45 102 110 166 168 182 197
1 10 46 55 87 92 106 120 134 175 190
1 55 72 75 121 149 179 188
2 3 5 34 55 59 80 104 143 157 187 192
2 14 19 27 94 135 140 160 180 197
2 6 64 71 87 119 167 181 194
2 30 43 44 50 101 136 141 197
3 2 11 25 35 45 92 94 114 134 145 146 147 183 190 193
3 6 9 15 22 24 49 102 113 124 157 163
3 8 21 22 34 35 37 51 89 144 186
3 0 6 51 56 127 131 155 159 187 188
3 25 75 82 99 137 178 185 189 199
3 3 50 62 68 69 83 91 101 132
3 32 33 39 106 156 180 182 199
3 28 122 125 130 147 157 165
4 5 7 16 30 34 38 39 50 71 96 98 102 109 131 176
4 23 43 47 49 70 74 140 151
4 31 82 88 99 115 116 171
5 1 26 36 38 44 71 83 86 105 109 119 172 191
5 18 20 72 73 105 116 132 139 168 193 198
5 7 40 64 66 68 84 108 110 169 170 183
5 13 31 42 46 89 122 124 160 166
5 10 28 41 43 54 81 142 192
6 12 61 63 71 109 111 148 151 152 153 179 185 192 199
6 25 28 39 58 60 64 68 94 95 111 112 150 191
6 43 82 85 88 104 124 128 129 152 158 190 196
6 1 15 48 52 79 101 118 135 136 173
7 61 73 78 92 99 143 155 169 177 179
8 1 17 56 75 89 90 103 115 133 183 191
9 5 27 39 69 80 99 108 116 117 118 154 178 195
11 4 16 19 37 85 86 88 90 99 107 138 155 164
11 35 76 93 97 105 110 126 136 149 174 184
