Score: 129
1 1 24 37 57 62 76 86 92 98 134 144 187 196 202 264 291 294 321 352 367 396 413 436 447 459 465 470 509 514 521 548 551 554 567 583 610 634 673 691 698 704 706 757 759 779 781 789 793 794 822 824 850 860 863 873 884 891 901 926 934 949 951 957 970 994
1 0 6 52 67 69 70 78 91 116 126 146 157 168 169 195 201 290 302 310 313 333 341 345 348 388 398 405 410 432 447 470 474 484 524 549 568 577 592 598 629 638 647 670 678 697 698 723 725 737 738 747 753 771 782 784 811 821 888 912 919 940 977 978 989 993
1 0 15 42 60 66 99 151 161 176 179 184 248 278 308 327 333 336 345 349 373 386 419 449 463 475 495 510 523 528 532 539 553 556 566 569 594 603 608 629 631 657 663 704 710 733 736 748 762 769 781 787 794 796 818 831 837 870 876 908 909 921 942
1 25 62 73 81 97 124 133 155 168 170 177 180 194 200 248 256 262 291 304 318 321 427 428 434 442 443 496 521 535 544 549 550 580 594 597 599 631 635 636 639 656 664 681 683 688 699 715 725 762 813 815 820 855 867 884 943 960 987 998 999
1 3 19 68 77 102 104 123 160 161 176 188 200 203 236 241 251 290 318 319 320 331 436 449 464 494 525 541 542 549 582 583 587 595 608 610 630 631 655 683 705 724 732 738 743 774 780 797 801 803 832 856 858 862 880 887 932 933 981 982 995
1 4 58 64 129 149 156 198 202 208 220 222 262 275 281 284 293 346 350 359 392 404 419 428 461 468 470 523 530 538 587 626 654 676 681 739 744 756 759 770 779 799 810 821 823 824 842 855 869 874 878 881 882 896 906 928 939 943 958 965 998
1 15 37 71 80 96 97 122 133 142 158 165 169 172 173 176 189 214 222 234 272 290 298 315 320 350 369 407 413 421 432 443 445 473 501 538 565 587 610 611 625 638 643 670 675 687 714 717 731 749 817 877 891 912 914 922 936 941 942 958 992
1 17 25 27 32 37 58 92 107 124 130 132 155 175 186 188 194 215 244 255 296 310 357 358 378 418 423 439 450 455 468 474 494 496 499 519 552 567 592 660 664 673 687 689 701 719 747 753 792 800 804 840 854 857 871 910 925 934 971 980
1 27 38 40 43 68 95 106 116 118 121 127 167 210 232 237 276 297 313 317 319 351 361 365 398 406 407 417 446 468 475 501 539 545 556 559 561 571 593 599 624 691 703 723 751 752 808 848 857 865 874 893 917 928 937 942 955 962 984
1 25 30 37 47 62 87 89 95 96 105 119 120 124 143 146 191 198 205 212 222 232 262 265 305 310 413 418 458 507 512 518 521 550 608 620 627 631 638 648 680 694 723 726 741 759 774 810 829 837 842 892 916 922 939 942 943 946
1 32 59 82 104 110 113 140 155 177 206 231 237 289 298 330 331 357 362 378 387 390 405 409 415 419 473 479 518 530 561 573 587 589 602 610 621 640 658 664 673 702 713 715 722 728 754 757 800 817 832 857 894 901 952 967 972
1 6 9 27 48 62 70 79 111 141 207 245 275 279 284 292 300 326 344 346 367 371 373 379 389 403 436 454 492 507 511 526 586 598 608 609 628 644 656 666 698 724 730 766 771 803 805 831 854 891 910 916 936 941 965 992
1 14 18 34 41 46 49 129 154 175 210 212 225 301 323 358 362 374 415 426 449 452 462 468 479 480 490 508 513 521 539 542 560 585 621 636 672 675 690 696 697 739 767 775 799 802 875 889 897 917 928 930 951 952 976 985
1 4 76 80 87 91 96 97 111 134 136 174 205 223 238 273 294 303 335 350 353 355 373 396 406 409 437 480 486 501 527 598 610 658 666 683 686 699 752 764 773 781 792 796 809 822 826 837 845 860 870 879 883 885 960
1 15 19 24 30 51 63 101 187 210 228 261 265 283 300 302 305 333 337 366 367 370 388 400 406 414 420 467 489 509 522 529 531 534 573 585 592 605 612 677 687 691 741 768 771 789 856 885 926 930 934 954 973 977 988
1 14 51 78 82 105 137 140 162 247 253 286 306 319 360 370 375 378 393 429 495 500 544 547 549 553 556 579 581 593 678 697 704 710 715 721 723 749 760 792 795 823 825 840 848 852 865 883 889 939 943 985 988 990
1 15 61 81 122 129 139 142 158 167 259 340 343 348 359 394 395 397 415 417 462 487 495 498 524 542 687 692 698 714 718 746 750 770 776 801 802 812 828 839 864 878 884 899 908 915 923 948 958 959 982 988 989
1 40 81 84 93 102 119 128 138 150 181 196 221 222 234 268 286 370 410 428 434 435 505 506 530 540 568 586 592 597 646 649 653 686 709 717 726 733 804 810 811 827 831 834 846 859 886 891 906 921 927 936 962
1 0 10 79 94 107 136 142 143 153 178 218 226 246 258 272 276 283 292 305 309 349 356 366 399 407 422 463 473 482 490 525 543 556 583 619 696 699 733 743 744 784 815 816 845 859 860 881 927 963 971 973 979
1 4 74 82 86 93 116 138 200 226 238 244 256 285 299 325 393 402 403 411 418 437 476 510 514 525 530 534 538 548 562 570 583 620 642 669 697 706 710 712 726 743 802 822 854 857 869 930 931 936 939 947 962
1 0 8 30 60 104 107 126 133 148 149 160 164 174 199 227 232 243 245 289 306 323 324 338 413 444 446 454 456 460 515 534 597 601 606 614 661 679 701 735 789 805 825 842 892 898 942 944 947 957 968 970 979
1 91 100 106 110 115 119 120 148 156 174 196 198 224 227 238 275 336 382 433 465 469 505 525 531 541 555 563 571 585 586 598 607 624 627 630 638 665 701 722 728 753 764 780 864 866 894 900 903 915 926 974 993
1 10 32 37 85 88 109 127 188 204 220 252 271 283 294 339 345 346 364 384 387 414 425 486 491 504 509 566 580 587 592 643 651 671 673 699 705 754 767 831 846 859 869 874 877 890 907 922 927 971 987 995 996
1 77 87 105 126 138 139 145 173 188 222 233 238 257 267 276 278 301 317 326 376 389 420 429 431 507 528 540 553 567 578 601 644 677 679 680 708 719 733 775 790 810 819 828 875 925 933 935 951 992 994 999
1 70 77 85 89 117 152 154 156 188 190 200 216 233 248 259 269 288 308 310 321 347 354 386 410 426 497 515 532 580 591 627 643 667 702 746 749 761 785 850 859 872 893 902 908 914 920 937 938 956 970 986
1 38 63 72 90 97 102 137 141 142 144 187 223 243 301 391 397 406 426 429 446 471 487 491 524 552 569 570 571 616 641 679 691 708 716 729 760 837 841 847 851 872 884 917 921 945 948 955 970 988 990 993
1 2 19 21 27 79 100 133 136 155 189 212 230 258 282 319 340 345 365 370 372 411 418 427 456 471 485 487 505 515 535 594 629 632 670 673 679 697 703 758 829 830 841 854 868 904 905 942 944 966 976
1 45 75 84 124 125 136 151 163 167 203 209 212 230 253 270 276 296 329 348 354 357 360 367 368 433 452 467 468 491 506 513 545 586 611 654 689 690 739 744 762 766 781 785 803 813 892 942 946 954 975
1 35 49 69 73 143 163 205 215 216 228 272 329 361 365 406 415 429 430 470 472 475 524 533 538 544 553 617 628 631 638 646 666 699 708 744 777 797 809 825 835 845 857 871 904 920 922 939 973 987
1 21 54 75 106 113 120 122 128 133 138 157 179 191 194 198 236 253 268 271 302 325 328 334 336 343 368 408 433 455 481 504 591 642 673 676 708 711 719 736 760 804 809 853 881 899 910 968 982 994
1 0 17 25 70 96 107 117 145 148 195 213 217 243 247 256 270 297 298 314 322 323 370 398 419 420 437 453 460 499 555 556 559 595 603 643 646 681 747 788 793 808 868 871 888 889 916 934 966 994
1 38 43 50 68 69 71 86 99 113 123 187 200 205 216 221 236 244 261 267 328 352 421 439 458 490 497 501 590 604 632 636 637 647 660 691 693 759 764 776 779 788 817 840 891 943 962 969 977 992
1 37 44 49 51 89 91 134 149 162 187 192 204 254 264 269 273 320 331 335 347 357 397 416 435 459 460 463 511 514 523 530 537 595 599 611 631 664 667 688 728 745 787 792 838 912 926 947 965
1 15 18 19 22 36 38 42 68 107 124 154 203 204 253 275 312 336 338 349 360 405 409 413 444 455 473 475 522 564 645 665 691 703 710 766 771 788 793 828 841 851 854 871 880 920 934 935 973
1 44 47 56 66 69 94 96 126 147 196 198 205 219 229 231 310 313 333 355 357 371 375 395 437 449 485 493 523 526 538 613 620 675 691 695 721 728 750 779 806 822 850 873 877 893 962 977 985
1 2 26 36 45 65 88 89 109 121 142 207 216 235 263 273 292 321 336 374 400 404 416 421 426 448 457 495 516 517 523 530 544 572 584 620 673 715 728 755 803 804 820 841 842 926 959 990 996
1 2 30 32 64 84 102 110 113 120 145 149 153 161 168 179 269 379 423 432 444 495 500 509 523 534 561 573 579 599 603 608 669 672 674 713 732 761 779 833 874 891 915 924 944 948 950 958 989
1 0 47 62 83 90 96 121 145 172 209 226 266 288 321 328 357 378 393 404 409 412 417 426 429 445 485 495 504 512 521 563 573 619 634 653 665 732 742 765 821 835 891 898 941 945 954 998
1 6 22 52 84 95 98 112 148 195 223 231 242 276 280 281 291 311 318 332 338 366 376 386 387 443 453 488 496 544 546 556 595 600 602 608 643 644 668 683 717 816 859 872 894 896 908 989
1 1 17 18 57 61 84 101 105 134 153 161 166 174 205 233 293 299 335 390 406 470 488 489 490 491 492 505 512 588 637 645 662 663 664 691 728 790 798 806 833 855 889 904 911 919 920 948
1 47 70 101 128 153 155 185 195 200 208 221 224 232 254 274 296 324 348 358 377 394 437 444 467 495 540 546 609 629 659 705 720 753 855 856 867 880 883 908 912 918 943 956 961 966 998
1 27 41 46 50 83 86 114 155 205 242 248 286 301 350 366 390 401 404 427 429 447 462 488 507 533 550 590 600 603 676 682 704 725 748 753 775 782 800 806 829 848 888 890 958 969 972
1 10 37 61 68 79 109 156 162 164 166 204 207 227 265 295 312 325 347 380 383 403 409 420 449 454 458 473 489 492 521 580 617 659 722 724 772 810 818 845 873 885 906 936 968 996
1 6 12 51 57 75 77 86 150 157 161 181 187 274 277 289 291 316 353 362 391 396 397 418 431 461 489 558 563 587 613 653 683 703 728 735 752 806 833 858 909 910 926 939 942 958
1 2 9 16 32 44 59 93 207 231 232 233 265 266 286 295 338 348 393 404 405 471 538 564 589 599 601 611 615 645 653 683 721 722 784 786 787 793 832 833 861 874 958 969 980
1 11 13 18 44 77 98 129 174 204 216 236 266 277 279 293 298 321 405 436 439 445 512 517 557 559 607 616 624 666 695 713 740 745 754 780 827 853 885 923 924 925 955 959 984
1 103 112 113 114 176 184 221 240 248 259 268 352 358 386 402 420 433 443 461 538 546 549 603 628 709 715 720 757 773 819 857 859 860 867 901 903 906 911 925 927 956 967 993 999
1 9 11 16 21 33 35 101 109 146 178 219 224 306 333 456 476 490 514 530 535 542 616 627 632 637 673 689 696 712 744 773 813 842 873 874 885 886 892 902 914 928 929 947 969
1 4 67 69 126 148 153 173 228 237 249 255 301 327 334 376 422 429 435 452 517 523 529 531 579 607 630 652 664 666 668 681 686 695 701 727 744 793 835 848 852 893 931 941 942
1 9 61 76 114 115 138 140 151 162 169 171 192 306 315 339 351 353 436 475 505 516 520 534 544 550 559 601 614 620 671 697 699 775 778 780 800 818 835 836 860 955 972 979 981
1 33 41 42 44 46 48 76 130 142 160 223 246 276 308 322 329 338 372 377 380 450 475 499 514 520 531 538 546 600 618 636 643 757 761 779 787 809 811 897 904 948 951 967 992
1 8 61 75 91 117 169 179 200 231 233 243 248 260 315 385 424 436 445 466 472 477 552 564 575 576 629 656 672 703 729 781 797 802 808 825 840 863 870 887 889 895 919 949
1 8 61 64 80 139 161 179 180 182 197 209 217 275 278 299 304 335 362 370 402 404 413 421 506 510 513 537 572 595 598 612 646 658 672 709 745 782 833 836 866 868 872 955
1 37 71 74 96 100 127 128 257 273 274 311 323 375 381 399 402 423 428 436 445 447 466 511 513 559 624 634 641 648 762 769 777 785 810 861 875 882 908 928 952 954 977 996
1 1 8 60 61 83 130 155 158 161 170 200 210 225 227 254 264 265 283 306 314 368 378 391 470 532 534 552 622 656 671 683 714 731 761 765 790 794 824 843 884 982 984
1 14 22 30 73 80 102 120 224 243 252 257 288 296 361 397 404 413 425 442 465 484 503 506 507 633 651 653 714 750 755 794 813 828 835 899 915 959 961 983 987
1 2 19 27 32 39 66 83 130 158 159 187 188 202 205 246 261 329 330 334 395 409 418 447 465 492 538 576 593 623 629 659 743 758 760 791 799 805 874 891 991
1 1 11 16 48 58 84 128 153 163 173 196 217 232 322 387 391 402 420 457 470 489 500 509 546 553 584 619 722 726 755 759 823 834 900 920 943 944 982
2 5 32 57 58 68 71 78 102 112 148 170 172 174 178 187 190 193 196 204 217 259 260 278 295 301 317 318 340 342 349 353 354 375 387 394 395 419 422 446 452 454 460 461 486 508 558 663 680 696 701 706 707 717 720 732 783 787 811 813 832 870 885 888 894 938 953 967 968 974 978
2 3 4 13 26 75 92 112 125 132 165 169 178 207 211 212 214 220 223 253 259 260 304 332 352 353 377 381 390 410 420 423 431 433 447 452 456 539 549 557 565 618 619 735 741 764 790 800 842 882 889 897 922 928 935 944 950 963 971 978
2 0 2 3 23 28 55 70 80 83 87 88 93 108 121 129 161 162 192 262 274 297 340 342 361 363 369 385 404 407 427 439 455 456 473 478 506 548 558 563 644 645 652 714 724 743 746 769 791 820 840 870 891 922 926 942 954 979 983
2 8 20 23 27 51 81 120 149 161 191 239 248 251 298 307 308 316 329 353 383 400 411 420 422 442 455 536 548 576 584 585 593 615 645 659 674 729 736 746 760 773 778 797 798 800 821 847 852 865 889 897 899 901 911 913 988
2 12 16 18 55 63 94 105 125 135 179 180 186 190 196 250 260 273 282 307 310 317 322 337 343 346 351 356 399 412 419 440 443 468 477 546 577 596 605 658 682 694 718 740 767 773 774 782 853 864 898 940 953 959 987 988 991
2 48 74 106 125 136 139 160 214 231 251 273 291 304 314 341 362 373 397 417 422 428 461 469 470 474 515 521 525 530 536 551 555 556 570 593 646 685 703 716 721 730 740 783 807 823 850 853 854 871 899 918 931 942 949 955 998
2 38 54 78 102 105 139 162 211 233 251 265 267 285 303 319 333 373 393 433 441 442 481 498 529 574 582 587 589 596 626 667 688 692 716 722 736 769 777 782 783 792 798 828 829 830 832 837 845 871 897 915 929 931 942
2 9 45 65 81 105 120 125 129 148 220 225 258 261 263 280 293 301 309 330 357 370 401 403 491 502 506 518 552 568 575 601 613 617 635 638 640 681 684 685 706 720 769 821 835 842 851 869 872 884 892 922 928 954 956
2 34 35 40 44 48 49 80 176 191 203 208 209 219 222 227 264 269 280 282 302 314 339 342 413 464 472 494 544 551 555 594 603 618 657 698 717 739 744 750 763 771 780 785 820 840 855 873 912 941 968
2 10 13 19 38 55 88 102 145 156 161 193 195 220 246 261 308 313 360 394 398 407 463 468 509 512 527 528 542 546 593 624 661 720 727 754 795 801 818 848 858 874 878 895 913 915 924 941 981 990
2 12 21 69 71 72 103 114 131 133 140 149 153 166 192 214 239 249 257 270 281 311 338 348 366 373 443 453 462 469 484 506 517 526 535 620 675 739 752 769 819 839 876 899 929 940 946 957 959 976
2 16 29 36 46 54 63 65 71 89 108 211 261 268 293 299 338 344 345 364 428 440 468 470 479 494 534 539 544 594 597 664 666 668 699 700 714 715 737 803 832 868 876 930 934 957 964 965 975
2 4 10 39 63 102 162 188 189 199 209 221 241 283 307 308 339 361 365 392 420 450 462 465 494 519 536 559 576 644 650 670 676 706 710 715 716 722 753 769 777 783 794 833 844 932 952 953 974
2 2 3 70 85 120 161 173 181 184 185 212 245 251 295 321 325 344 357 370 404 406 416 422 430 506 525 554 568 571 575 591 603 637 659 663 665 705 711 752 773 807 814 848 855 871 878 913 915
2 41 58 72 98 100 122 218 228 250 259 287 303 328 333 358 436 451 473 483 497 511 535 537 545 651 652 665 676 688 750 861 864 865 882 943 958 990
2 44 88 219 230 238 271 286 313 314 444 452 497 507 553 574 615 670 671 684 696 734 748 757 768 772 799 803 815 825 871 895 944 955 964 970 982
2 7 31 32 124 142 146 179 192 239 261 292 322 332 349 395 453 463 506 520 592 652 654 657 721 731 741 754 774 777 779 787 796 856 889 955 997
3 0 10 83 88 89 106 107 138 140 146 159 161 189 203 216 233 253 266 270 276 301 304 319 337 342 344 362 376 406 424 452 473 482 483 522 559 568 581 584 604 615 620 648 650 651 698 722 745 758 833 865 870 883 891 916 927 941 946 971
3 19 34 75 91 110 112 122 131 160 166 172 175 196 203 226 300 309 353 363 370 375 378 402 424 444 472 481 482 496 507 520 561 567 588 604 610 650 658 701 703 719 747 750 786 789 793 810 826 829 832 844 849 895 917 918 919 945 949
3 4 10 30 41 81 108 135 147 159 222 236 250 260 274 310 325 356 365 386 410 424 434 435 460 489 518 519 532 556 576 608 625 634 650 652 666 687 703 707 721 730 748 765 773 776 782 811 830 859 902 903 904 914 940
3 3 21 74 91 92 110 112 120 166 193 221 227 236 241 278 293 318 323 324 352 363 390 417 428 437 438 488 519 538 556 558 563 577 583 585 632 660 669 678 700 715 722 738 770 787 795 802 820 832 928 945 957
3 18 37 42 106 116 120 131 148 163 203 220 243 256 258 262 293 299 308 360 374 377 401 449 459 463 493 502 504 533 541 546 581 617 635 639 713 744 752 753 755 757 763 776 865 874 886 907 912 970 987 997 998
3 18 46 55 69 74 114 119 130 144 161 165 185 207 208 217 232 235 243 285 290 307 320 350 389 429 434 441 448 460 483 490 492 522 532 560 579 625 660 680 721 763 772 780 785 790 826 842 843 848 901 917 947
3 23 64 79 84 85 100 143 171 219 230 235 258 274 306 307 356 369 405 407 457 482 534 574 579 581 586 587 600 622 646 656 675 724 743 752 755 766 776 786 792 826 834 862 870 874 907 913 944 958 969 975
3 9 39 52 53 120 183 192 211 218 233 260 274 283 287 289 312 321 322 371 381 392 399 410 414 449 466 473 482 491 494 510 532 536 544 631 645 648 649 715 737 756 762 780 781 872 894 925 929 953 977 999
3 30 40 56 151 154 171 187 200 201 247 281 305 315 326 347 353 364 417 420 424 430 441 488 502 507 508 538 550 551 560 623 626 627 631 632 718 719 751 754 765 771 775 814 832 908 921 945 964 981
3 28 55 118 122 123 151 203 213 244 251 262 327 329 347 381 454 455 479 505 562 600 619 634 664 678 687 688 700 710 718 719 727 729 740 762 767 827 859 879 930 958 974 985 995 999
3 2 5 16 35 56 59 60 78 85 100 106 118 120 136 209 241 257 269 273 350 354 355 366 517 534 537 550 551 553 588 628 636 652 676 704 823 828 842 882 885 894 895 969 982
4 15 44 45 53 88 121 125 130 156 180 206 217 242 255 284 296 298 326 391 396 415 421 428 451 471 532 599 606 655 658 674 685 698 700 714 716 730 734 776 853 863 897 927 984 999
