Score: 320
1 40 50 52 97 154 183 225 267 275 298 316 326 367 375 387 391 444 478 548 663 678 690 728 750 787 812 832 841 850 866 891 978 982 988
1 5 112 148 172 187 193 260 278 295 301 317 318 340 342 353 419 446 452 460 558 680 701 707 720 732 783 787 870 894 968 974
1 0 42 99 161 179 184 278 333 336 345 528 553 556 566 569 608 629 736 748 781 787 831 837 870 876 908 909 921 942
1 17 41 51 114 153 197 225 243 282 319 327 426 448 451 456 468 503 511 518 531 556 607 612 616 638 667 746 796 808
1 5 31 53 88 117 162 185 275 365 372 388 438 444 448 460 488 528 630 649 672 697 757 891 938 946 956 976 983
1 58 64 149 156 198 220 262 281 284 293 350 392 404 428 461 468 530 654 676 744 759 823 842 855 896 943 958
1 8 33 44 47 161 168 173 207 222 246 256 274 327 335 392 419 456 475 593 663 723 743 757 773 903 944 997
1 73 76 133 137 172 201 214 247 319 357 461 506 527 550 555 570 682 687 711 745 766 814 821 838 923 936 944
1 59 104 113 140 206 237 289 298 357 378 387 405 419 473 561 573 589 602 610 658 673 702 817 894 901 967
1 9 93 138 268 272 278 294 356 428 431 458 603 606 634 659 665 677 679 724 730 753 826 854 872 873 899
1 4 76 80 87 96 136 174 223 273 294 350 406 409 437 480 598 610 683 796 809 822 826 837 870 879 883
1 97 142 158 165 214 222 272 298 315 413 421 443 565 587 610 611 670 714 731 817 891 914 936 958 992
1 35 83 159 272 295 306 362 388 440 450 548 563 575 585 595 605 640 641 664 666 678 722 734 777 889
1 13 37 39 44 198 210 233 258 395 397 414 446 490 599 619 638 686 732 771 788 849 860 862 925 950
1 15 29 31 49 135 183 199 228 271 297 385 415 421 470 499 546 608 626 724 772 784 850 857 903 929
1 15 28 76 131 194 218 235 237 266 302 335 382 401 404 496 554 571 577 653 690 771 840 898 908 945
1 18 51 240 249 385 414 476 492 563 616 632 634 652 686 690 691 743 770 893 894 910 960 962 996
1 38 72 90 137 142 144 223 243 406 524 552 570 641 679 691 708 729 841 847 872 945 955 970 993
1 27 107 198 209 268 270 273 304 367 373 415 481 555 593 627 657 664 667 694 768 822 902 913 939
1 61 64 139 161 179 180 182 209 217 275 278 299 304 370 402 413 421 598 646 672 709 745 833
1 7 28 161 174 178 243 337 371 404 480 491 524 530 549 586 598 671 673 718 865 933 997 998
1 12 60 177 185 203 219 242 290 341 415 459 461 531 555 559 590 591 668 840 847 923 926 961
1 14 124 132 302 319 330 404 435 460 545 566 643 679 684 725 752 759 864 867 935 946 952
1 2 11 26 30 48 49 97 134 294 313 322 346 431 447 449 463 484 560 566 622 865 967
1 20 51 120 149 251 298 308 329 383 422 442 585 615 736 773 798 800 889 901 911 913 988
1 73 263 268 323 362 429 430 436 444 458 469 501 579 693 735 746 787 833 870 884 905 939
1 36 111 165 170 305 332 395 487 492 519 555 564 582 587 645 698 727 781 918 931 947 984
1 31 111 184 259 279 471 499 519 533 542 573 623 626 635 662 670 844 861 885 902 912 983
1 28 62 130 163 177 185 265 359 379 416 517 589 652 673 688 704 784 856 934 979 998
1 13 41 110 151 218 231 234 293 336 401 408 486 569 578 742 876 905 954 959 981 989
1 12 30 204 279 292 388 431 455 462 476 504 518 525 627 631 689 697 733 752 916 960
1 3 70 83 108 192 340 342 363 385 404 439 455 456 548 558 563 645 652 820 922 979
1 33 41 46 130 142 246 276 308 329 377 380 450 520 600 636 757 787 809 948 951
1 110 145 149 161 269 423 444 500 509 561 608 672 674 713 915 924 948 950 958 989
1 18 119 169 196 248 249 418 450 452 544 601 623 634 693 757 773 785 886 920 988
1 72 93 160 167 194 240 252 281 369 377 484 621 657 673 695 722 723 797 870 882
1 54 102 105 162 251 373 393 442 481 529 574 596 688 722 736 798 828 837 897 942
1 0 23 83 163 164 173 352 417 429 498 558 581 588 685 693 719 759 915 966 973
1 50 119 131 163 195 202 214 223 232 320 336 345 354 433 439 590 794 837 948 977
1 1 8 83 161 227 254 264 265 314 552 622 656 671 683 731 790 824 843 984
1 1 5 51 160 163 175 183 251 280 350 375 458 577 608 674 703 788 850 973
1 89 108 293 338 344 345 364 428 494 539 544 594 664 666 699 714 868 934 964
1 21 71 103 131 249 281 311 338 373 443 462 469 517 535 620 752 769 929 976
1 12 21 34 63 64 121 207 308 321 324 382 418 474 497 531 550 621 660 841
1 6 118 119 193 235 344 354 425 447 452 515 533 563 564 736 762 790 807 912
1 113 184 222 228 315 411 426 565 571 647 669 705 744 747 766 891 908 966 976
1 10 90 125 212 234 300 319 333 383 398 458 703 705 761 778 852 957 963 995
1 10 37 85 252 271 364 486 491 504 566 673 859 874 877 907 927 971 996
1 117 179 309 423 445 484 488 539 541 543 577 597 619 689 738 802 820 858
1 45 124 163 270 276 354 357 367 468 491 506 739 762 766 785 813 892 942
1 30 118 167 186 309 311 476 585 690 728 773 832 864 909 943 959 980 985
1 57 81 109 153 180 233 237 244 287 336 460 461 484 491 503 531 664 711
1 13 125 165 169 212 253 260 352 390 410 431 452 565 619 790 897 963 978
1 91 352 422 459 485 596 600 678 682 698 711 735 785 792 813 930 969 973
1 24 150 167 215 297 405 410 503 563 567 629 680 687 711 755 921 940 982
1 68 85 170 213 332 457 462 492 558 669 721 743 749 827 838 952 997
1 4 173 237 255 301 327 376 523 531 579 607 630 652 664 681 848 852
1 37 100 257 274 399 402 428 447 511 513 559 641 762 810 882 952 996
1 33 37 44 171 216 326 337 383 482 560 778 794 856 934 942 967 991
1 9 15 162 178 312 381 386 462 529 544 614 653 731 851 924 951 961
1 56 147 180 328 389 403 445 540 563 568 582 753 827 938 944 991
1 21 110 128 240 280 314 325 370 397 524 525 533 598 627 637 884
1 18 41 46 362 374 452 468 490 513 521 560 672 696 697 917
1 2 10 24 111 127 211 224 263 354 416 459 605 695 786 917
1 68 112 214 251 476 516 517 553 559 626 653 747 748 798 878
1 219 238 286 313 452 553 615 684 696 748 772 803 871 964 982
1 120 170 189 213 230 249 295 413 541 692 710 782 799 808
1 0 23 32 200 359 507 519 568 728 774 802 897 926
1 42 63 114 192 266 531 586 606 788 833 923 938 973
1 76 115 140 436 475 534 559 620 775 860 979 981
1 9 67 130 259 274 411 804 825 958 966 972
2 13 65 88 96 155 163 212 213 214 219 237 306 323 394 421 437 498 499 560 640 655 679 709 715 726 813 826 835 866 891 912 923 948 950
2 4 24 95 146 158 188 266 284 296 347 396 427 485 489 558 639 648 694 722 737 747 792 881 910 929 941 957 987 996
2 7 15 123 132 138 233 240 252 271 381 506 555 643 685 726 743 749 759 774 776 831 839 930 947 974 982 997
2 72 101 139 151 177 189 203 220 255 298 320 394 412 423 561 567 573 617 650 670 782 843 884 990 992 996
2 17 97 135 179 181 194 378 422 462 480 484 587 592 645 652 660 664 707 868 924 933 937 948 979 984
2 75 157 181 263 288 299 338 360 454 469 491 492 504 513 609 624 630 705 714 736 752 760 923 967 993
2 0 102 128 156 195 250 310 406 415 468 472 481 585 592 603 657 670 690 821 829 831 835 871 975 985
2 6 42 44 161 176 287 291 376 390 392 471 508 514 522 571 612 644 645 805 817 823 857 891 930 987
2 39 144 153 194 199 204 210 254 296 322 355 431 529 530 568 638 685 708 713 733 754 762 769 811
2 19 29 55 112 122 129 141 153 178 222 359 492 503 509 546 564 638 699 803 842 857 863 867 932
2 53 71 86 202 238 284 391 412 492 518 527 534 537 549 564 612 769 859 919 922 929 956 965 995
2 53 100 117 143 173 183 261 283 415 483 499 537 543 556 600 643 652 717 760 784 785 792 906 974
2 17 114 230 231 256 304 361 423 515 528 529 596 599 621 636 666 737 768 771 831 888 960 980 986
2 45 65 81 120 148 220 263 293 330 401 403 518 552 601 635 681 685 706 842 869 892 922 928
2 28 37 54 58 78 148 150 175 215 230 265 374 432 470 534 580 668 680 821 852 876 928 934
2 20 60 102 155 163 245 248 300 339 364 466 487 507 527 547 560 587 731 809 876 980 984 990
2 31 32 57 94 174 227 282 368 481 494 510 522 541 584 591 609 686 778 798 878 886 941 954
2 77 103 151 178 190 259 270 400 440 502 518 605 632 653 682 710 724 747 807 862 929 959 992
2 20 49 59 83 101 174 227 237 254 303 320 325 335 387 405 425 477 607 617 643 652 985 991
2 27 176 215 224 290 354 357 374 410 456 472 545 604 689 826 837 881 902 912 925 958 962 985
2 21 92 112 221 278 318 323 438 488 558 577 583 585 660 678 700 715 738 770 795 802 820 957
2 23 88 97 346 493 508 525 538 585 592 623 673 674 759 760 761 825 845 945 958 977 992
2 28 122 151 244 327 329 347 454 479 505 634 678 687 719 729 740 762 859 879 958 974 995
2 50 125 127 167 173 367 368 529 571 611 627 629 664 686 747 759 790 791 853 880 946
2 41 66 68 89 124 133 166 216 338 567 623 655 718 801 810 834 888 929 935 940 971
2 135 159 260 365 410 434 460 489 519 532 576 634 703 707 765 773 782 902 903 904 914
2 92 97 107 172 225 350 372 432 440 539 557 570 633 660 674 727 854 938 978 993
2 35 129 136 250 277 381 452 481 494 535 554 556 578 652 677 717 764 798 806 871
2 11 69 102 194 203 214 248 349 367 411 431 464 609 641 665 688 834 869 912 949
2 36 88 102 130 154 189 272 355 404 412 481 546 600 601 638 750 762 860 886 960
2 22 77 95 112 166 167 260 345 362 451 575 648 675 676 693 763 765 853 911 992
2 10 38 79 173 202 259 343 371 421 469 560 565 583 779 790 840 842 859 996
2 7 29 56 170 188 239 262 326 385 416 433 553 583 747 826 840 887 903 994
2 18 62 68 134 145 168 247 579 583 595 619 622 629 691 698 795 807 847 916
2 6 16 65 110 115 116 144 148 259 360 366 488 643 650 721 730 752 793 875
2 1 97 106 389 395 447 464 523 540 617 680 729 748 756 816 900
2 3 4 241 330 336 394 406 465 469 479 496 579 769 787 818 825
2 32 91 133 134 249 393 421 446 526 531 716 728 825 879 933 996
2 14 53 68 205 341 350 435 471 474 608 617 678 715 872 896 966
2 1 75 136 159 187 294 370 372 396 407 428 438 521 710 789
2 6 11 90 121 201 434 463 465 591 632 651 759 819 899 905
3 26 127 159 208 211 246 321 355 356 378 390 403 413 545 579 664 678 702 707 715 746 755 778 826 841 867 876 898 905 918
3 27 48 49 54 109 153 161 213 218 241 344 366 374 422 450 505 558 572 591 698 753 756 767 788 801 893 907 909 932 934
3 28 50 107 121 142 143 149 212 285 362 391 400 403 417 429 439 488 576 620 687 691 693 704 711 742 764 799 841 894
3 22 25 36 127 133 139 182 190 317 321 355 370 441 467 478 503 611 631 664 800 815 822 844 871 882 935 941
3 23 94 113 142 152 160 224 225 283 362 382 422 427 504 544 563 582 587 625 769 927 944 960 984 994
3 54 82 88 96 194 248 256 299 354 387 400 468 469 506 512 582 604 661 772 801 859 869 944 951 953
3 52 70 95 126 142 178 228 252 272 309 480 516 562 578 580 590 628 652 758 772 813 846 882 884 911
3 41 48 100 264 299 351 387 557 594 599 601 624 656 758 768 777 786 790 947 949 971 978 988 993
3 32 47 164 201 205 208 210 225 231 419 597 650 684 687 706 728 731 768 813 822 826 836 841 977
3 69 118 129 218 245 329 348 382 404 414 462 473 505 542 600 676 732 741 745 772 813 910 983
3 25 74 95 182 191 217 235 254 487 489 495 532 576 612 646 655 664 677 721 742 754 796 876
3 13 21 30 235 374 375 401 437 449 453 615 635 645 709 727 789 811 900 915 933 944 958 972
3 9 42 60 157 181 184 186 228 265 382 419 424 531 546 816 842 859 861 902 919 957 974
3 18 55 74 130 144 217 232 290 389 441 522 560 579 625 660 680 772 785 826 842 843
3 12 34 201 209 243 247 314 342 368 411 441 502 565 652 660 693 717 741 755 770 890
3 6 65 105 235 310 428 446 459 559 591 613 660 692 716 739 817 872 891 895 920 929
3 52 74 112 123 219 277 319 358 362 409 466 471 551 705 743 776 784 785 800 887
3 43 132 133 215 249 282 313 319 357 445 465 477 530 557 662 725 762 792 984
3 46 159 183 262 353 479 515 527 555 635 651 734 841 843 887 906 972
3 123 191 226 230 293 295 328 352 464 511 582 613 618 829 948 951
3 78 98 152 174 324 362 368 526 538 573 577 593 736 825 923 987
3 128 231 276 363 420 471 507 566 608 731 733 751 822 853 954
4 71 80 89 106 117 119 136 152 158 199 239 243 326 351 376 466 545 570 621 700 707 820 832 838 860 873 994
4 73 153 172 181 182 272 274 276 303 331 383 477 483 500 547 559 701 712 724 736 740 833 847 881 890 902 972
4 28 29 37 43 98 172 190 266 304 314 363 369 422 493 520 595 600 631 741 773 796 900 907 910 918
4 8 101 148 171 191 211 223 224 285 372 375 398 433 453 498 551 619 649 767 852 895 924 943 955 980
4 14 34 61 120 221 258 342 419 425 467 551 606 630 657 682 716 723 740 787 791 882 989 999
4 7 247 288 307 358 436 475 497 504 517 529 627 657 668 746 822 856 925 928 937 958 993
4 42 138 229 253 380 449 455 477 510 551 566 658 661 782 826 830 871 878 884 907 992
4 13 80 180 241 303 334 336 344 365 367 425 505 517 537 708 723 758 815 978 999
4 183 208 280 318 384 401 469 489 527 617 667 741 830 887 899 903 992
4 67 90 102 128 141 398 596 615 642 685 686 723 830 841 913 919 993
4 95 196 236 283 304 407 490 550 602 718 780 841 900 908 975
4 23 182 195 480 524 614 625 642 801 839 912 921 925 997
5 7 11 12 55 122 139 197 205 228 310 313 357 361 387 477 503 520 619 628 740 768 772 780 871 873 912 923 937 960 967
5 3 84 105 158 197 207 340 343 398 440 454 484 502 519 529 538 570 580 625 664 673 696 749 782 808 941 960 968 988
5 7 49 116 207 236 249 302 415 455 458 573 582 636 677 687 700 712 762 766 839 840 918 980
5 22 160 193 266 325 349 358 369 389 428 535 548 562 633 642 659 711 763 788 848 939 965 966
5 1 4 37 63 106 116 147 195 214 226 370 403 588 606 620 667 703 735 775 816 932
5 29 57 136 138 215 263 395 424 441 454 587 679 708 769 818 910 914 931 986 997
5 42 63 65 66 117 147 168 479 484 497 552 592 706 745 814 916 937 948
5 61 305 349 363 412 424 552 584 589 649 651 706 716 784 795 876
6 68 104 173 178 182 214 217 220 257 307 334 352 443 509 523 536 585 655 728 857 879 888 931 942 961 970
7 97 103 123 164 166 208 226 278 300 472 520 522 614 658 695 742 779 804 898 949
