Score: 161
1 16 34 47 65 66 82 101 102 146 161 162 190 191
1 27 53 60 64 96 123 125 140 142 151 191 196
1 20 25 38 43 66 67 69 87 94 124 155
1 10 46 55 87 92 106 120 134 175 190
1 20 29 38 45 102 110 166 168 182 197
1 55 72 75 121 149 179 188
1 19 67 89 108 145 156 184
2 3 5 34 55 59 80 104 143 157 187 192
1 30 44 55 110 112 173
2 6 64 71 87 119 167 181 194
3 8 21 22 34 35 37 51 89 144 186
3 29 39 40 41 49 50 52 60 80 108 158 169 194
2 1 42 44 47 63 104 107 119 140 149 175 189
2 14 19 27 94 135 140 160 180 197
3 2 11 25 35 45 92 94 114 134 145 146 147 183 190 193
3 25 75 82 99 137 178 185 189 199
3 3 50 62 68 69 83 91 101 132
3 0 6 51 56 127 131 155 159 187 188
3 6 9 15 22 24 49 102 113 124 157 163
3 28 122 125 130 147 157 165
4 31 82 88 99 115 116 171
4 12 27 44 56 57 59 87 92 117 126 150
5 1 26 36 38 44 71 83 86 105 109 119 172 191
5 50 56 73 81 90 97 140 148 160 177 181 188 194
2 30 43 44 50 101 136 141 197
3 1 3 4 22 74 104 110 160 173 191 196 198
9 13 19 47 61 76 77 83 85 86 93 109 111 145 146 147 161 172
4 5 7 16 30 34 38 39 50 71 96 98 102 109 131 176
3 32 33 39 106 156 180 182 199
5 23 129 153 169 194
2 82 152 157 163
4 106 126 128 131 139 179 188
6 1 15 48 52 79 101 118 135 136 173
5 35 66 83 95 109 138 140 148 165
11 14 18 22 58 85 87 101 115 116 146 154 161 174 180 188 192
8 1 17 56 75 89 90 103 115 133 183 191
5 7 40 64 66 68 84 108 110 169 170 183
4 23 43 47 49 70 74 140 151
5 10 28 41 43 54 81 142 192
10 11 16 18 22 29 65 78 89 100 147 162
8 23 38 49 55 67 86 127 147 170 194 195
9 31 110 157 164 174 180 188
