Score: 33
1 5 17 18 26 49 51 56 62 63 66 80 88 91 99 101 119 136 148 150 153 154 167 174 175 180 195 198 203 209 212 217 224 227 266 283 301 311 313 315 316 317 330 333 340 346 348 351 353 358 362 376 383 395 415 416 443 445 448 458 464 478 493 494 496
1 6 12 13 24 27 31 55 63 67 72 77 78 83 84 85 91 104 115 125 129 137 146 149 160 162 164 169 171 181 183 219 231 235 257 261 262 270 274 288 305 310 318 322 323 325 329 332 343 346 356 369 378 400 425 433 441 457 485
1 8 13 22 25 36 43 68 79 103 120 123 128 166 176 178 192 198 199 206 208 217 219 221 229 232 250 261 270 287 303 305 336 338 350 367 379 382 389 394 402 404 407 409 417 428 436 444 447 449 455 473 475
1 2 4 11 27 34 36 50 67 74 102 111 121 138 147 161 166 176 182 191 196 200 206 216 220 225 245 249 265 268 290 291 304 307 308 326 353 358 386 402 410 420 426 430 437 438 456 458 465 487 498
1 28 38 44 46 61 69 71 106 110 117 119 127 132 145 157 168 181 189 194 203 207 211 214 223 230 240 243 251 266 269 295 298 306 313 317 362 389 392 393 398 411 424 448 452 456 472 481 486 493
1 3 10 30 50 69 92 100 105 125 126 133 146 150 159 166 190 210 218 221 229 231 239 244 249 255 272 280 284 302 304 310 353 354 361 368 371 385 396 399 411 413 421 424 430 432 439 460 475 481 497
1 7 8 35 40 46 59 75 79 85 94 98 101 107 108 112 119 142 144 145 155 158 169 171 177 186 188 200 202 245 253 259 274 276 283 290 291 299 306 309 312 314 343 354 356 384 386 395 396 400 409 432 433 467 475 484
1 1 21 42 89 94 95 107 109 121 125 166 169 182 184 188 194 198 204 211 212 217 220 223 229 242 256 265 275 280 322 325 331 335 341 345 351 369 370 374 375 379 382 418 425 447 449 450 451 457 477 479 480 486 489
1 22 26 37 47 50 55 82 93 97 105 117 121 122 139 141 148 150 164 168 199 203 211 226 227 233 235 265 271 278 284 287 302 306 307 308 313 317 321 329 364 365 368 370 414 455 462 479 482 484 488 492 495 496
1 5 15 20 21 33 60 68 90 95 100 111 124 137 142 150 166 168 174 176 187 192 194 214 219 228 246 257 262 279 281 296 313 317 327 338 339 344 376 396 416 422 423 432 454 471 477 482 486
1 15 23 29 36 39 42 44 54 71 74 76 78 86 88 92 102 127 148 156 157 169 172 186 193 225 231 236 259 263 265 267 291 292 313 317 322 326 329 332 350 351 353 361 363 373 374 395 405 409 427 441 443 475 476 489
1 31 32 35 63 67 69 74 77 79 120 122 130 133 161 164 165 173 178 194 198 201 205 215 219 222 234 235 242 248 254 261 265 272 283 290 302 306 313 352 364 371 375 377 412 430 474 488
1 0 2 9 19 34 57 80 83 85 90 92 113 115 122 123 125 133 154 157 170 179 182 188 193 200 202 227 228 231 232 256 257 270 297 313 337 349 360 372 374 385 390 413 428 432 435 477 480
1 13 24 33 34 50 63 70 76 85 90 101 102 104 111 114 131 133 146 148 166 168 172 177 202 206 208 229 238 248 249 252 254 274 275 276 278 300 303 339 379 385 392 407 419 420 426 434 439 444 456 466 469 490 494 495
1 15 45 47 49 52 58 62 67 106 111 120 127 134 171 173 175 178 198 203 211 216 234 242 246 264 266 272 273 302 311 324 328 329 340 347 360 367 370 374 389 393 408 412 441 442 443 457 475 488
1 1 8 16 20 24 25 42 52 54 64 68 79 82 83 98 108 112 117 122 126 128 136 149 154 157 211 214 218 222 246 247 249 250 271 280 286 294 313 319 323 334 346 355 369 397 407 420 428 436 448 450 475 476 477 494
1 3 12 24 30 36 38 55 59 81 96 98 99 108 122 149 160 163 165 172 188 197 204 207 209 215 224 229 234 245 285 289 318 327 328 330 341 357 371 374 382 388 402 424 436 449 455 461 464 471 492 497
1 11 15 25 51 56 61 73 98 119 123 126 135 148 163 168 171 173 187 193 199 235 240 246 250 256 258 302 305 309 320 331 338 345 352 366 371 376 377 380 393 414 434 443 446 493 494
1 36 40 46 52 56 59 68 69 80 94 100 110 111 116 123 139 141 148 169 178 181 203 228 230 231 241 245 257 260 283 299 309 337 347 354 360 362 380 413 416 419 421 423 428 436 438 439 452 463 474 491 499
1 14 44 48 49 56 62 74 101 109 111 129 155 165 166 200 201 202 206 217 224 240 245 275 288 293 296 306 313 328 330 335 346 358 367 379 387 447 453 454 458 476 496
1 4 7 9 25 35 50 53 59 72 101 118 142 157 160 168 169 173 179 192 197 200 205 219 220 237 249 259 269 285 291 293 295 308 314 341 349 390 423 441 466 476 483 495 498
1 10 34 38 39 57 59 63 68 70 71 89 100 103 107 112 117 119 148 163 174 177 183 189 194 202 208 209 211 229 234 235 240 251 255 268 282 286 287 311 313 321 322 344 356 360 363 391 393 395 411 421 429 458 462 468 488 491
2 14 18 27 39 41 49 51 59 65 71 78 92 102 103 119 134 138 139 140 158 188 189 193 211 218 228 251 260 277 285 311 330 358 361 381 388 392 405 424 425 438 441 459 480 483 493
1 0 15 22 27 30 33 34 39 45 46 58 66 70 83 95 98 102 104 106 128 131 141 151 165 180 191 203 222 226 230 246 264 273 276 278 279 290 298 343 345 347 348 354 369 395 401 403 404 437 438 457 479 480
2 2 6 10 12 32 34 37 67 70 91 94 98 109 119 121 150 152 162 168 200 220 225 229 233 240 243 245 246 284 293 310 311 313 319 333 338 347 348 358 364 379 383 422 439 440 445 466 469 470 481 488 499
2 17 18 20 23 24 25 26 30 52 54 77 90 101 113 126 143 145 146 155 190 212 226 241 253 256 257 279 284 292 299 300 316 325 328 329 341 344 356 359 360 405 409 420 431 432 449 457 469 472 489
3 21 30 41 47 49 52 69 70 87 101 106 108 128 140 153 155 164 177 185 193 195 200 208 213 221 224 225 232 254 273 274 278 283 296 324 332 342 346 348 358 373 377 394 408 410 437 444 467 495 498
1 2 7 20 51 58 59 83 95 100 104 121 123 132 139 148 157 161 164 174 179 182 190 191 197 203 205 217 221 225 235 236 262 323 337 340 348 362 368 373 376 384 385 391 392 393 395 396 398 406 412 421 428 433 438 441 453 460 469 472
