Score: 28
1 0 1 2 31 32 33 34 63 64 65 66 95 96 97 98 127 128 129 130 159 160 161 162 191 192 193 194 223 224 225 226 283 284 285 286 315 316 317 318 347 348 349 350 379 380 381 382 411 412 413 414 443 444 445 446 475 476 477 478 507 508 509 510 511 512 513 514 543 544 545 546 575 576 577 578 607 608 609 610 639 640 641 642 671 672 673 674 703 704 705 706 735 736 737 738 795 796 797 798 827 828 829 830 859 860 861 862 891 892 893 894 923 924 925 926 955 956 957 958 987 988 989 990 1019 1020 1021 1022
1 1 3 5 7 9 11 13 15 17 19 21 23 25 27 29 31 33 35 37 39 41 43 45 47 49 51 53 55 57 59 61 127 129 131 133 135 137 139 141 143 145 147 149 151 153 155 157 159 161 163 165 167 169 171 173 175 177 179 181 183 185 187 189 255 257 259 261 263 265 267 269 271 273 275 277 279 281 283 285 287 289 291 293 295 297 299 301 303 305 307 309 311 313 315 317 383 385 387 389 391 393 395 397 399 401 403 405 407 409 411 413 415 417 419 421 423 425 427 429 431 433 435 437 439 441 443 445
1 3 7 11 15 19 23 27 63 67 71 75 79 83 87 91 162 166 170 174 178 182 186 190 226 230 234 238 242 246 250 254 255 259 263 267 271 275 279 283 319 323 327 331 335 339 343 347 418 422 426 430 434 438 442 446 482 486 490 494 498 502 506 510 511 515 519 523 527 531 535 539 575 579 583 587 591 595 599 603 674 678 682 686 690 694 698 702 738 742 746 750 754 758 762 766 767 771 775 779 783 787 791 795 831 835 839 843 847 851 855 859 930 934 938 942 946 950 954 958 994 998 1002 1006 1010 1014 1018 1022
1 0 3 4 7 8 11 12 113 114 117 118 121 122 125 126 127 128 131 132 135 136 139 140 241 242 245 246 249 250 253 254 255 256 259 260 263 264 267 268 369 370 373 374 377 378 381 382 383 384 387 388 391 392 395 396 497 498 501 502 505 506 509 510 511 512 515 516 519 520 523 524 625 626 629 630 633 634 637 638 639 640 643 644 647 648 651 652 753 754 757 758 761 762 765 766 767 768 771 772 775 776 779 780 881 882 885 886 889 890 893 894 895 896 899 900 903 904 907 908 1009 1010 1013 1014 1017 1018 1021 1022
1 0 1 2 15 16 17 18 31 32 33 34 47 48 49 50 203 204 205 206 219 220 221 222 235 236 237 238 251 252 253 254 255 256 257 258 271 272 273 274 287 288 289 290 303 304 305 306 459 460 461 462 475 476 477 478 491 492 493 494 507 508 509 510 511 512 513 514 527 528 529 530 543 544 545 546 559 560 561 562 715 716 717 718 731 732 733 734 747 748 749 750 763 764 765 766 767 768 769 770 783 784 785 786 799 800 801 802 815 816 817 818 971 972 973 974 987 988 989 990 1003 1004 1005 1006 1019 1020 1021 1022
1 0 1 2 3 4 5 6 7 8 9 10 11 12 13 14 31 32 33 34 35 36 37 38 39 40 41 42 43 44 45 46 63 64 65 66 67 68 69 70 71 72 73 74 75 76 77 78 95 96 97 98 99 100 101 102 103 104 105 106 107 108 109 110 511 512 513 514 515 516 517 518 519 520 521 522 523 524 525 526 543 544 545 546 547 548 549 550 551 552 553 554 555 556 557 558 575 576 577 578 579 580 581 582 583 584 585 586 587 588 589 590 607 608 609 610 611 612 613 614 615 616 617 618 619 620 621 622
1 0 1 2 3 4 5 6 15 16 17 18 19 20 21 22 63 64 65 66 67 68 69 70 79 80 81 82 83 84 85 86 127 128 129 130 131 132 133 134 143 144 145 146 147 148 149 150 191 192 193 194 195 196 197 198 207 208 209 210 211 212 213 214 255 256 257 258 259 260 261 262 271 272 273 274 275 276 277 278 319 320 321 322 323 324 325 326 335 336 337 338 339 340 341 342 383 384 385 386 387 388 389 390 399 400 401 402 403 404 405 406 447 448 449 450 451 452 453 454 463 464 465 466 467 468 469 470
1 0 7 8 15 16 23 24 31 32 39 40 47 48 55 56 63 64 71 72 79 80 87 88 95 96 103 104 111 112 119 120 127 128 135 136 143 144 151 152 159 160 167 168 175 176 183 184 191 192 199 200 207 208 215 216 223 224 231 232 239 240 247 248 773 774 781 782 789 790 797 798 805 806 813 814 821 822 829 830 837 838 845 846 853 854 861 862 869 870 877 878 885 886 893 894 901 902 909 910 917 918 925 926 933 934 941 942 949 950 957 958 965 966 973 974 981 982 989 990 997 998 1005 1006 1013 1014 1021 1022
1 1 3 5 7 9 11 13 31 33 35 37 39 41 43 45 63 65 67 69 71 73 75 77 95 97 99 101 103 105 107 109 255 257 259 261 263 265 267 269 287 289 291 293 295 297 299 301 319 321 323 325 327 329 331 333 351 353 355 357 359 361 363 365 656 658 660 662 664 666 668 670 688 690 692 694 696 698 700 702 720 722 724 726 728 730 732 734 752 754 756 758 760 762 764 766 912 914 916 918 920 922 924 926 944 946 948 950 952 954 956 958 976 978 980 982 984 986 988 990 1008 1010 1012 1014 1016 1018 1020 1022
1 1 3 5 15 17 19 21 31 33 35 37 47 49 51 53 127 129 131 133 143 145 147 149 159 161 163 165 175 177 179 181 328 330 332 334 344 346 348 350 360 362 364 366 376 378 380 382 456 458 460 462 472 474 476 478 488 490 492 494 504 506 508 510 511 513 515 517 527 529 531 533 543 545 547 549 559 561 563 565 639 641 643 645 655 657 659 661 671 673 675 677 687 689 691 693 840 842 844 846 856 858 860 862 872 874 876 878 888 890 892 894 968 970 972 974 984 986 988 990 1000 1002 1004 1006 1016 1018 1020 1022
1 1 7 9 15 17 23 25 63 65 71 73 79 81 87 89 127 129 135 137 143 145 151 153 191 193 199 201 207 209 215 217 255 257 263 265 271 273 279 281 319 321 327 329 335 337 343 345 383 385 391 393 399 401 407 409 447 449 455 457 463 465 471 473 511 513 519 521 527 529 535 537 575 577 583 585 591 593 599 601 639 641 647 649 655 657 663 665 703 705 711 713 719 721 727 729 767 769 775 777 783 785 791 793 831 833 839 841 847 849 855 857 895 897 903 905 911 913 919 921 959 961 967 969 975 977 983 985
1 0 3 4 31 32 35 36 63 64 67 68 95 96 99 100 127 128 131 132 159 160 163 164 191 192 195 196 223 224 227 228 255 256 259 260 287 288 291 292 319 320 323 324 351 352 355 356 383 384 387 388 415 416 419 420 447 448 451 452 479 480 483 484 511 512 515 516 543 544 547 548 575 576 579 580 607 608 611 612 639 640 643 644 671 672 675 676 703 704 707 708 735 736 739 740 767 768 771 772 799 800 803 804 831 832 835 836 863 864 867 868 895 896 899 900 927 928 931 932 959 960 963 964 991 992 995 996
1 0 3 4 7 8 11 12 15 16 19 20 23 24 27 28 31 32 35 36 39 40 43 44 47 48 51 52 55 56 59 60 63 64 67 68 71 72 75 76 79 80 83 84 87 88 91 92 95 96 99 100 103 104 107 108 111 112 115 116 119 120 123 124 511 512 515 516 519 520 523 524 527 528 531 532 535 536 539 540 543 544 547 548 551 552 555 556 559 560 563 564 567 568 571 572 575 576 579 580 583 584 587 588 591 592 595 596 599 600 603 604 607 608 611 612 615 616 619 620 623 624 627 628 631 632 635 636
1 0 1 2 3 4 5 6 15 16 17 18 19 20 21 22 63 64 65 66 67 68 69 70 79 80 81 82 83 84 85 86 127 128 129 130 131 132 133 134 143 144 145 146 147 148 149 150 191 192 193 194 195 196 197 198 207 208 209 210 211 212 213 214 807 808 809 810 811 812 813 814 823 824 825 826 827 828 829 830 871 872 873 874 875 876 877 878 887 888 889 890 891 892 893 894 935 936 937 938 939 940 941 942 951 952 953 954 955 956 957 958 999 1000 1001 1002 1003 1004 1005 1006 1015 1016 1017 1018 1019 1020 1021 1022
1 0 1 2 3 4 5 6 7 8 9 10 11 12 13 14 127 128 129 130 131 132 133 134 135 136 137 138 139 140 141 142 367 368 369 370 371 372 373 374 375 376 377 378 379 380 381 382 495 496 497 498 499 500 501 502 503 504 505 506 507 508 509 510 511 512 513 514 515 516 517 518 519 520 521 522 523 524 525 526 639 640 641 642 643 644 645 646 647 648 649 650 651 652 653 654 879 880 881 882 883 884 885 886 887 888 889 890 891 892 893 894 1007 1008 1009 1010 1011 1012 1013 1014 1015 1016 1017 1018 1019 1020 1021 1022
1 3 26 30 31 35 58 62 63 67 90 94 95 99 122 126 127 131 154 158 159 163 186 190 191 195 218 222 223 227 250 254 255 259 282 286 287 291 314 318 319 323 346 350 351 355 378 382 383 387 410 414 415 419 442 446 447 451 474 478 479 483 506 510 511 515 538 542 543 547 570 574 575 579 602 606 607 611 634 638 639 643 666 670 671 675 698 702 703 707 730 734 735 739 762 766 767 771 794 798 799 803 826 830 831 835 858 862 863 867 890 894 895 899 922 926 927 931 954 958 959 963 986 990 991 995 1018 1022
1 0 3 4 7 8 11 12 15 16 19 20 23 24 27 28 31 32 35 36 39 40 43 44 47 48 51 52 55 56 59 60 127 128 131 132 135 136 139 140 143 144 147 148 151 152 155 156 159 160 163 164 167 168 171 172 175 176 179 180 183 184 187 188 255 256 259 260 263 264 267 268 271 272 275 276 279 280 283 284 287 288 291 292 295 296 299 300 303 304 307 308 311 312 315 316 383 384 387 388 391 392 395 396 399 400 403 404 407 408 411 412 415 416 419 420 423 424 427 428 431 432 435 436 439 440 443 444
1 0 1 2 3 4 5 6 15 16 17 18 19 20 21 22 63 64 65 66 67 68 69 70 79 80 81 82 83 84 85 86 255 256 257 258 259 260 261 262 271 272 273 274 275 276 277 278 319 320 321 322 323 324 325 326 335 336 337 338 339 340 341 342 679 680 681 682 683 684 685 686 695 696 697 698 699 700 701 702 743 744 745 746 747 748 749 750 759 760 761 762 763 764 765 766 935 936 937 938 939 940 941 942 951 952 953 954 955 956 957 958 999 1000 1001 1002 1003 1004 1005 1006 1015 1016 1017 1018 1019 1020 1021 1022
1 3 15 19 31 35 47 51 63 67 79 83 95 99 111 115 127 131 143 147 159 163 175 179 191 195 207 211 223 227 239 243 266 270 282 286 298 302 314 318 330 334 346 350 362 366 378 382 394 398 410 414 426 430 442 446 458 462 474 478 490 494 506 510 511 515 527 531 543 547 559 563 575 579 591 595 607 611 623 627 639 643 655 659 671 675 687 691 703 707 719 723 735 739 751 755 778 782 794 798 810 814 826 830 842 846 858 862 874 878 890 894 906 910 922 926 938 942 954 958 970 974 986 990 1002 1006 1018 1022
1 0 7 8 31 32 39 40 63 64 71 72 95 96 103 104 127 128 135 136 159 160 167 168 191 192 199 200 223 224 231 232 255 256 263 264 287 288 295 296 319 320 327 328 351 352 359 360 383 384 391 392 415 416 423 424 447 448 455 456 479 480 487 488 533 534 541 542 565 566 573 574 597 598 605 606 629 630 637 638 661 662 669 670 693 694 701 702 725 726 733 734 757 758 765 766 789 790 797 798 821 822 829 830 853 854 861 862 885 886 893 894 917 918 925 926 949 950 957 958 981 982 989 990 1013 1014 1021 1022
1 0 1 2 7 8 9 10 31 32 33 34 39 40 41 42 63 64 65 66 71 72 73 74 95 96 97 98 103 104 105 106 127 128 129 130 135 136 137 138 159 160 161 162 167 168 169 170 191 192 193 194 199 200 201 202 223 224 225 226 231 232 233 234 787 788 789 790 795 796 797 798 819 820 821 822 827 828 829 830 851 852 853 854 859 860 861 862 883 884 885 886 891 892 893 894 915 916 917 918 923 924 925 926 947 948 949 950 955 956 957 958 979 980 981 982 987 988 989 990 1011 1012 1013 1014 1019 1020 1021 1022
1 0 1 2 31 32 33 34 63 64 65 66 95 96 97 98 127 128 129 130 159 160 161 162 191 192 193 194 223 224 225 226 255 256 257 258 287 288 289 290 319 320 321 322 351 352 353 354 383 384 385 386 415 416 417 418 447 448 449 450 479 480 481 482 511 512 513 514 543 544 545 546 575 576 577 578 607 608 609 610 639 640 641 642 671 672 673 674 703 704 705 706 735 736 737 738 767 768 769 770 799 800 801 802 831 832 833 834 863 864 865 866 895 896 897 898 927 928 929 930 959 960 961 962 991 992 993 994
1 0 7 8 15 16 23 24 31 32 39 40 47 48 55 56 197 198 205 206 213 214 221 222 229 230 237 238 245 246 253 254 255 256 263 264 271 272 279 280 287 288 295 296 303 304 311 312 453 454 461 462 469 470 477 478 485 486 493 494 501 502 509 510 511 512 519 520 527 528 535 536 543 544 551 552 559 560 567 568 709 710 717 718 725 726 733 734 741 742 749 750 757 758 765 766 767 768 775 776 783 784 791 792 799 800 807 808 815 816 823 824 965 966 973 974 981 982 989 990 997 998 1005 1006 1013 1014 1021 1022
1 0 1 2 3 4 5 6 15 16 17 18 19 20 21 22 31 32 33 34 35 36 37 38 47 48 49 50 51 52 53 54 255 256 257 258 259 260 261 262 271 272 273 274 275 276 277 278 287 288 289 290 291 292 293 294 303 304 305 306 307 308 309 310 711 712 713 714 715 716 717 718 727 728 729 730 731 732 733 734 743 744 745 746 747 748 749 750 759 760 761 762 763 764 765 766 967 968 969 970 971 972 973 974 983 984 985 986 987 988 989 990 999 1000 1001 1002 1003 1004 1005 1006 1015 1016 1017 1018 1019 1020 1021 1022
1 0 1 2 7 8 9 10 15 16 17 18 23 24 25 26 63 64 65 66 71 72 73 74 79 80 81 82 87 88 89 90 255 256 257 258 263 264 265 266 271 272 273 274 279 280 281 282 319 320 321 322 327 328 329 330 335 336 337 338 343 344 345 346 511 512 513 514 519 520 521 522 527 528 529 530 535 536 537 538 575 576 577 578 583 584 585 586 591 592 593 594 599 600 601 602 767 768 769 770 775 776 777 778 783 784 785 786 791 792 793 794 831 832 833 834 839 840 841 842 847 848 849 850 855 856 857 858
1 0 1 2 3 4 5 6 7 8 9 10 11 12 13 14 15 16 17 18 19 20 21 22 23 24 25 26 27 28 29 30 63 64 65 66 67 68 69 70 71 72 73 74 75 76 77 78 79 80 81 82 83 84 85 86 87 88 89 90 91 92 93 94 927 928 929 930 931 932 933 934 935 936 937 938 939 940 941 942 943 944 945 946 947 948 949 950 951 952 953 954 955 956 957 958 991 992 993 994 995 996 997 998 999 1000 1001 1002 1003 1004 1005 1006 1007 1008 1009 1010 1011 1012 1013 1014 1015 1016 1017 1018 1019 1020 1021 1022
1 0 3 4 7 8 11 12 15 16 19 20 23 24 27 28 127 128 131 132 135 136 139 140 143 144 147 148 151 152 155 156 353 354 357 358 361 362 365 366 369 370 373 374 377 378 381 382 481 482 485 486 489 490 493 494 497 498 501 502 505 506 509 510 511 512 515 516 519 520 523 524 527 528 531 532 535 536 539 540 639 640 643 644 647 648 651 652 655 656 659 660 663 664 667 668 865 866 869 870 873 874 877 878 881 882 885 886 889 890 893 894 993 994 997 998 1001 1002 1005 1006 1009 1010 1013 1014 1017 1018 1021 1022
1 1 7 9 15 17 23 25 31 33 39 41 47 49 55 57 196 198 204 206 212 214 220 222 228 230 236 238 244 246 252 254 255 257 263 265 271 273 279 281 287 289 295 297 303 305 311 313 452 454 460 462 468 470 476 478 484 486 492 494 500 502 508 510 511 513 519 521 527 529 535 537 543 545 551 553 559 561 567 569 708 710 716 718 724 726 732 734 740 742 748 750 756 758 764 766 767 769 775 777 783 785 791 793 799 801 807 809 815 817 823 825 964 966 972 974 980 982 988 990 996 998 1004 1006 1012 1014 1020 1022
