Score: 30
1 0 1 2 3 4 5 6 7 8 9 10 11 12 13 14 15 16 17 18 19 20 21 22 23 24 25 26 27 28 29 30 479 480 481 482 483 484 485 486 487 488 489 490 491 492 493 494 495 496 497 498 499 500 501 502 503 504 505 506 507 508 509 510 511 512 513 514 515 516 517 518 519 520 521 522 523 524 525 526 527 528 529 530 531 532 533 534 535 536 537 538 539 540 541 542 991 992 993 994 995 996 997 998 999 1000 1001 1002 1003 1004 1005 1006 1007 1008 1009 1010 1011 1012 1013 1014 1015 1016 1017 1018 1019 1020 1021 1022
1 0 29 30 31 32 61 62 63 64 93 94 95 96 125 126 127 128 157 158 159 160 189 190 191 192 221 222 223 224 253 254 255 256 285 286 287 288 317 318 319 320 349 350 351 352 381 382 383 384 413 414 415 416 445 446 447 448 477 478 479 480 509 510 511 512 541 542 543 544 573 574 575 576 605 606 607 608 637 638 639 640 669 670 671 672 701 702 703 704 733 734 735 736 765 766 767 768 797 798 799 800 829 830 831 832 861 862 863 864 893 894 895 896 925 926 927 928 957 958 959 960 989 990 991 992 1021 1022
1 1 3 5 7 9 11 13 31 33 35 37 39 41 43 45 63 65 67 69 71 73 75 77 95 97 99 101 103 105 107 109 127 129 131 133 135 137 139 141 159 161 163 165 167 169 171 173 191 193 195 197 199 201 203 205 223 225 227 229 231 233 235 237 255 257 259 261 263 265 267 269 287 289 291 293 295 297 299 301 319 321 323 325 327 329 331 333 351 353 355 357 359 361 363 365 383 385 387 389 391 393 395 397 415 417 419 421 423 425 427 429 447 449 451 453 455 457 459 461 479 481 483 485 487 489 491 493
1 0 1 2 3 4 5 6 15 16 17 18 19 20 21 22 31 32 33 34 35 36 37 38 47 48 49 50 51 52 53 54 63 64 65 66 67 68 69 70 79 80 81 82 83 84 85 86 95 96 97 98 99 100 101 102 111 112 113 114 115 116 117 118 127 128 129 130 131 132 133 134 143 144 145 146 147 148 149 150 159 160 161 162 163 164 165 166 175 176 177 178 179 180 181 182 191 192 193 194 195 196 197 198 207 208 209 210 211 212 213 214 223 224 225 226 227 228 229 230 239 240 241 242 243 244 245 246
1 1 7 9 15 17 23 25 31 33 39 41 47 49 55 57 63 65 71 73 79 81 87 89 95 97 103 105 111 113 119 121 255 257 263 265 271 273 279 281 287 289 295 297 303 305 311 313 319 321 327 329 335 337 343 345 351 353 359 361 367 369 375 377 511 513 519 521 527 529 535 537 543 545 551 553 559 561 567 569 575 577 583 585 591 593 599 601 607 609 615 617 623 625 631 633 767 769 775 777 783 785 791 793 799 801 807 809 815 817 823 825 831 833 839 841 847 849 855 857 863 865 871 873 879 881 887 889
1 1 3 5 15 17 19 21 104 106 108 110 120 122 124 126 127 129 131 133 143 145 147 149 232 234 236 238 248 250 252 254 255 257 259 261 271 273 275 277 360 362 364 366 376 378 380 382 383 385 387 389 399 401 403 405 488 490 492 494 504 506 508 510 511 513 515 517 527 529 531 533 616 618 620 622 632 634 636 638 639 641 643 645 655 657 659 661 744 746 748 750 760 762 764 766 767 769 771 773 783 785 787 789 872 874 876 878 888 890 892 894 895 897 899 901 911 913 915 917 1000 1002 1004 1006 1016 1018 1020 1022
1 0 7 8 15 16 23 24 31 32 39 40 47 48 55 56 127 128 135 136 143 144 151 152 159 160 167 168 175 176 183 184 255 256 263 264 271 272 279 280 287 288 295 296 303 304 311 312 383 384 391 392 399 400 407 408 415 416 423 424 431 432 439 440 581 582 589 590 597 598 605 606 613 614 621 622 629 630 637 638 709 710 717 718 725 726 733 734 741 742 749 750 757 758 765 766 837 838 845 846 853 854 861 862 869 870 877 878 885 886 893 894 965 966 973 974 981 982 989 990 997 998 1005 1006 1013 1014 1021 1022
1 3 7 11 15 19 23 27 31 35 39 43 47 51 55 59 63 67 71 75 79 83 87 91 95 99 103 107 111 115 119 123 386 390 394 398 402 406 410 414 418 422 426 430 434 438 442 446 450 454 458 462 466 470 474 478 482 486 490 494 498 502 506 510 511 515 519 523 527 531 535 539 543 547 551 555 559 563 567 571 575 579 583 587 591 595 599 603 607 611 615 619 623 627 631 635 898 902 906 910 914 918 922 926 930 934 938 942 946 950 954 958 962 966 970 974 978 982 986 990 994 998 1002 1006 1010 1014 1018 1022
1 0 1 2 3 4 5 6 7 8 9 10 11 12 13 14 63 64 65 66 67 68 69 70 71 72 73 74 75 76 77 78 255 256 257 258 259 260 261 262 263 264 265 266 267 268 269 270 319 320 321 322 323 324 325 326 327 328 329 330 331 332 333 334 687 688 689 690 691 692 693 694 695 696 697 698 699 700 701 702 751 752 753 754 755 756 757 758 759 760 761 762 763 764 765 766 943 944 945 946 947 948 949 950 951 952 953 954 955 956 957 958 1007 1008 1009 1010 1011 1012 1013 1014 1015 1016 1017 1018 1019 1020 1021 1022
1 0 1 2 7 8 9 10 31 32 33 34 39 40 41 42 127 128 129 130 135 136 137 138 159 160 161 162 167 168 169 170 339 340 341 342 347 348 349 350 371 372 373 374 379 380 381 382 467 468 469 470 475 476 477 478 499 500 501 502 507 508 509 510 511 512 513 514 519 520 521 522 543 544 545 546 551 552 553 554 639 640 641 642 647 648 649 650 671 672 673 674 679 680 681 682 851 852 853 854 859 860 861 862 883 884 885 886 891 892 893 894 979 980 981 982 987 988 989 990 1011 1012 1013 1014 1019 1020 1021 1022
1 0 3 4 7 8 11 12 15 16 19 20 23 24 27 28 63 64 67 68 71 72 75 76 79 80 83 84 87 88 91 92 127 128 131 132 135 136 139 140 143 144 147 148 151 152 155 156 191 192 195 196 199 200 203 204 207 208 211 212 215 216 219 220 511 512 515 516 519 520 523 524 527 528 531 532 535 536 539 540 575 576 579 580 583 584 587 588 591 592 595 596 599 600 603 604 639 640 643 644 647 648 651 652 655 656 659 660 663 664 667 668 703 704 707 708 711 712 715 716 719 720 723 724 727 728 731 732
1 0 1 2 3 4 5 6 15 16 17 18 19 20 21 22 31 32 33 34 35 36 37 38 47 48 49 50 51 52 53 54 255 256 257 258 259 260 261 262 271 272 273 274 275 276 277 278 287 288 289 290 291 292 293 294 303 304 305 306 307 308 309 310 511 512 513 514 515 516 517 518 527 528 529 530 531 532 533 534 543 544 545 546 547 548 549 550 559 560 561 562 563 564 565 566 767 768 769 770 771 772 773 774 783 784 785 786 787 788 789 790 799 800 801 802 803 804 805 806 815 816 817 818 819 820 821 822
1 0 3 4 7 8 11 12 31 32 35 36 39 40 43 44 127 128 131 132 135 136 139 140 159 160 163 164 167 168 171 172 255 256 259 260 263 264 267 268 287 288 291 292 295 296 299 300 383 384 387 388 391 392 395 396 415 416 419 420 423 424 427 428 511 512 515 516 519 520 523 524 543 544 547 548 551 552 555 556 639 640 643 644 647 648 651 652 671 672 675 676 679 680 683 684 767 768 771 772 775 776 779 780 799 800 803 804 807 808 811 812 895 896 899 900 903 904 907 908 927 928 931 932 935 936 939 940
1 1 3 5 31 33 35 37 63 65 67 69 95 97 99 101 127 129 131 133 159 161 163 165 191 193 195 197 223 225 227 229 280 282 284 286 312 314 316 318 344 346 348 350 376 378 380 382 408 410 412 414 440 442 444 446 472 474 476 478 504 506 508 510 511 513 515 517 543 545 547 549 575 577 579 581 607 609 611 613 639 641 643 645 671 673 675 677 703 705 707 709 735 737 739 741 792 794 796 798 824 826 828 830 856 858 860 862 888 890 892 894 920 922 924 926 952 954 956 958 984 986 988 990 1016 1018 1020 1022
1 3 7 11 15 19 23 27 31 35 39 43 47 51 55 59 127 131 135 139 143 147 151 155 159 163 167 171 175 179 183 187 255 259 263 267 271 275 279 283 287 291 295 299 303 307 311 315 383 387 391 395 399 403 407 411 415 419 423 427 431 435 439 443 578 582 586 590 594 598 602 606 610 614 618 622 626 630 634 638 706 710 714 718 722 726 730 734 738 742 746 750 754 758 762 766 834 838 842 846 850 854 858 862 866 870 874 878 882 886 890 894 962 966 970 974 978 982 986 990 994 998 1002 1006 1010 1014 1018 1022
1 0 3 4 31 32 35 36 63 64 67 68 95 96 99 100 153 154 157 158 185 186 189 190 217 218 221 222 249 250 253 254 255 256 259 260 287 288 291 292 319 320 323 324 351 352 355 356 409 410 413 414 441 442 445 446 473 474 477 478 505 506 509 510 511 512 515 516 543 544 547 548 575 576 579 580 607 608 611 612 665 666 669 670 697 698 701 702 729 730 733 734 761 762 765 766 767 768 771 772 799 800 803 804 831 832 835 836 863 864 867 868 921 922 925 926 953 954 957 958 985 986 989 990 1017 1018 1021 1022
1 0 15 16 45 46 61 62 63 64 79 80 109 110 125 126 127 128 143 144 173 174 189 190 191 192 207 208 237 238 253 254 255 256 271 272 301 302 317 318 319 320 335 336 365 366 381 382 383 384 399 400 429 430 445 446 447 448 463 464 493 494 509 510 511 512 527 528 557 558 573 574 575 576 591 592 621 622 637 638 639 640 655 656 685 686 701 702 703 704 719 720 749 750 765 766 767 768 783 784 813 814 829 830 831 832 847 848 877 878 893 894 895 896 911 912 941 942 957 958 959 960 975 976 1005 1006 1021 1022
1 0 1 2 3 4 5 6 7 8 9 10 11 12 13 14 15 16 17 18 19 20 21 22 23 24 25 26 27 28 29 30 31 32 33 34 35 36 37 38 39 40 41 42 43 44 45 46 47 48 49 50 51 52 53 54 55 56 57 58 59 60 61 62 959 960 961 962 963 964 965 966 967 968 969 970 971 972 973 974 975 976 977 978 979 980 981 982 983 984 985 986 987 988 989 990 991 992 993 994 995 996 997 998 999 1000 1001 1002 1003 1004 1005 1006 1007 1008 1009 1010 1011 1012 1013 1014 1015 1016 1017 1018 1019 1020 1021 1022
1 0 1 2 15 16 17 18 31 32 33 34 47 48 49 50 63 64 65 66 79 80 81 82 95 96 97 98 111 112 113 114 255 256 257 258 271 272 273 274 287 288 289 290 303 304 305 306 319 320 321 322 335 336 337 338 351 352 353 354 367 368 369 370 651 652 653 654 667 668 669 670 683 684 685 686 699 700 701 702 715 716 717 718 731 732 733 734 747 748 749 750 763 764 765 766 907 908 909 910 923 924 925 926 939 940 941 942 955 956 957 958 971 972 973 974 987 988 989 990 1003 1004 1005 1006 1019 1020 1021 1022
1 0 1 2 15 16 17 18 31 32 33 34 47 48 49 50 63 64 65 66 79 80 81 82 95 96 97 98 111 112 113 114 127 128 129 130 143 144 145 146 159 160 161 162 175 176 177 178 191 192 193 194 207 208 209 210 223 224 225 226 239 240 241 242 779 780 781 782 795 796 797 798 811 812 813 814 827 828 829 830 843 844 845 846 859 860 861 862 875 876 877 878 891 892 893 894 907 908 909 910 923 924 925 926 939 940 941 942 955 956 957 958 971 972 973 974 987 988 989 990 1003 1004 1005 1006 1019 1020 1021 1022
1 1 7 9 15 17 23 25 63 65 71 73 79 81 87 89 127 129 135 137 143 145 151 153 191 193 199 201 207 209 215 217 255 257 263 265 271 273 279 281 319 321 327 329 335 337 343 345 383 385 391 393 399 401 407 409 447 449 455 457 463 465 471 473 511 513 519 521 527 529 535 537 575 577 583 585 591 593 599 601 639 641 647 649 655 657 663 665 703 705 711 713 719 721 727 729 767 769 775 777 783 785 791 793 831 833 839 841 847 849 855 857 895 897 903 905 911 913 919 921 959 961 967 969 975 977 983 985
1 0 3 4 15 16 19 20 63 64 67 68 79 80 83 84 127 128 131 132 143 144 147 148 191 192 195 196 207 208 211 212 255 256 259 260 271 272 275 276 319 320 323 324 335 336 339 340 383 384 387 388 399 400 403 404 447 448 451 452 463 464 467 468 553 554 557 558 569 570 573 574 617 618 621 622 633 634 637 638 681 682 685 686 697 698 701 702 745 746 749 750 761 762 765 766 809 810 813 814 825 826 829 830 873 874 877 878 889 890 893 894 937 938 941 942 953 954 957 958 1001 1002 1005 1006 1017 1018 1021 1022
1 0 1 2 7 8 9 10 63 64 65 66 71 72 73 74 179 180 181 182 187 188 189 190 243 244 245 246 251 252 253 254 255 256 257 258 263 264 265 266 319 320 321 322 327 328 329 330 435 436 437 438 443 444 445 446 499 500 501 502 507 508 509 510 511 512 513 514 519 520 521 522 575 576 577 578 583 584 585 586 691 692 693 694 699 700 701 702 755 756 757 758 763 764 765 766 767 768 769 770 775 776 777 778 831 832 833 834 839 840 841 842 947 948 949 950 955 956 957 958 1011 1012 1013 1014 1019 1020 1021 1022
1 1 3 5 7 9 11 13 63 65 67 69 71 73 75 77 127 129 131 133 135 137 139 141 191 193 195 197 199 201 203 205 255 257 259 261 263 265 267 269 319 321 323 325 327 329 331 333 383 385 387 389 391 393 395 397 447 449 451 453 455 457 459 461 560 562 564 566 568 570 572 574 624 626 628 630 632 634 636 638 688 690 692 694 696 698 700 702 752 754 756 758 760 762 764 766 816 818 820 822 824 826 828 830 880 882 884 886 888 890 892 894 944 946 948 950 952 954 956 958 1008 1010 1012 1014 1016 1018 1020 1022
1 0 1 2 3 4 5 6 7 8 9 10 11 12 13 14 63 64 65 66 67 68 69 70 71 72 73 74 75 76 77 78 127 128 129 130 131 132 133 134 135 136 137 138 139 140 141 142 191 192 193 194 195 196 197 198 199 200 201 202 203 204 205 206 255 256 257 258 259 260 261 262 263 264 265 266 267 268 269 270 319 320 321 322 323 324 325 326 327 328 329 330 331 332 333 334 383 384 385 386 387 388 389 390 391 392 393 394 395 396 397 398 447 448 449 450 451 452 453 454 455 456 457 458 459 460 461 462
1 1 7 9 15 17 23 25 31 33 39 41 47 49 55 57 63 65 71 73 79 81 87 89 95 97 103 105 111 113 119 121 255 257 263 265 271 273 279 281 287 289 295 297 303 305 311 313 319 321 327 329 335 337 343 345 351 353 359 361 367 369 375 377 644 646 652 654 660 662 668 670 676 678 684 686 692 694 700 702 708 710 716 718 724 726 732 734 740 742 748 750 756 758 764 766 900 902 908 910 916 918 924 926 932 934 940 942 948 950 956 958 964 966 972 974 980 982 988 990 996 998 1004 1006 1012 1014 1020 1022
1 0 3 4 7 8 11 12 15 16 19 20 23 24 27 28 63 64 67 68 71 72 75 76 79 80 83 84 87 88 91 92 417 418 421 422 425 426 429 430 433 434 437 438 441 442 445 446 481 482 485 486 489 490 493 494 497 498 501 502 505 506 509 510 511 512 515 516 519 520 523 524 527 528 531 532 535 536 539 540 575 576 579 580 583 584 587 588 591 592 595 596 599 600 603 604 929 930 933 934 937 938 941 942 945 946 949 950 953 954 957 958 993 994 997 998 1001 1002 1005 1006 1009 1010 1013 1014 1017 1018 1021 1022
1 7 15 23 31 39 47 55 63 71 79 87 95 103 111 119 127 135 143 151 159 167 175 183 191 199 207 215 223 231 239 247 262 270 278 286 294 302 310 318 326 334 342 350 358 366 374 382 390 398 406 414 422 430 438 446 454 462 470 478 486 494 502 510 511 519 527 535 543 551 559 567 575 583 591 599 607 615 623 631 639 647 655 663 671 679 687 695 703 711 719 727 735 743 751 759 774 782 790 798 806 814 822 830 838 846 854 862 870 878 886 894 902 910 918 926 934 942 950 958 966 974 982 990 998 1006 1014 1022
1 0 1 2 7 8 9 10 15 16 17 18 23 24 25 26 63 64 65 66 71 72 73 74 79 80 81 82 87 88 89 90 127 128 129 130 135 136 137 138 143 144 145 146 151 152 153 154 191 192 193 194 199 200 201 202 207 208 209 210 215 216 217 218 511 512 513 514 519 520 521 522 527 528 529 530 535 536 537 538 575 576 577 578 583 584 585 586 591 592 593 594 599 600 601 602 639 640 641 642 647 648 649 650 655 656 657 658 663 664 665 666 703 704 705 706 711 712 713 714 719 720 721 722 727 728 729 730
1 0 1 2 7 8 9 10 15 16 17 18 23 24 25 26 31 32 33 34 39 40 41 42 47 48 49 50 55 56 57 58 63 64 65 66 71 72 73 74 79 80 81 82 87 88 89 90 95 96 97 98 103 104 105 106 111 112 113 114 119 120 121 122 255 256 257 258 263 264 265 266 271 272 273 274 279 280 281 282 287 288 289 290 295 296 297 298 303 304 305 306 311 312 313 314 319 320 321 322 327 328 329 330 335 336 337 338 343 344 345 346 351 352 353 354 359 360 361 362 367 368 369 370 375 376 377 378
