Score: 1538.820
31 10 189 108 90 32 131 160 128 30 122 70 101 
44 38 140 86 174 124 47 168 48 153 
83 114 8 125 45 17 113 61 16 141 191 91 97 117 
51 135 35 136 65 71 161 103 20 63 126 159 127 
148 62 181 66 188 9 120 164 34 
185 79 129 169 78 81 33 157 102 50 1 162 69 27 
198 155 139 187 170 25 55 165 130 134 163 24 29 121 28 
21 72 74 171 22 133 75 197 4 179 26 
154 138 12 109 177 80 150 68 116 184 111 
167 132 176 76 196 77 3 158 54 195 149 40 
52 106 194 82 49 64 11 175 107 19 88 190 
89 166 60 118 5 173 84 199 46 36 143 123 182 7 18 
85 193 100 145 41 23 67 39 186 56 110 
146 183 13 137 144 57 2 178 115 73 180 105 53 
112 94 95 92 151 37 93 104 99 96 147 156 
6 59 98 192 119 14 142 43 15 42 172 87 152 58 
