Score: 1922.796
24 66 144 203 262 313 301 320 265 206 86 
53 14 113 74 173 120 180 233 134 75 15 
279 338 389 398 399 340 248 339 280 188 220 
51 111 70 170 229 284 184 224 169 110 50 
16 76 135 194 293 240 252 197 138 79 78 137 192 72 
420 60 132 77 18 17 12 
1 61 73 22 13 
266 326 385 386 387 367 392 307 327 267 207 
147 187 247 332 391 390 331 272 127 
19 6 84 143 202 253 241 260 205 146 87 32 
36 41 42 102 101 156 63 3 
68 160 219 278 329 243 269 218 183 96 
43 9 103 162 221 276 216 161 123 98 39 
5 65 125 172 117 112 57 52 
139 126 204 186 263 322 373 361 380 325 
20 80 85 140 121 145 200 181 193 142 133 82 23 
40 100 159 155 214 273 328 302 321 270 242 148 
29 38 89 149 209 158 99 8 95 154 213 268 93 88 28 
58 178 237 292 245 285 234 175 116 10 56 
44 64 109 164 124 157 106 107 47 97 46 37 
34 94 153 208 182 261 210 150 201 122 141 90 
31 91 151 67 92 7 27 26 25 
2 62 81 30 21 
33 333 393 394 395 368 400 308 335 334 275 35 
128 215 274 388 362 381 330 271 212 211 152 
4 104 49 55 114 165 105 45 
59 11 118 177 232 185 225 174 115 54 
217 226 277 244 289 344 304 337 286 227 167 48 
119 179 131 196 239 298 297 352 305 345 294 235 
166 287 347 397 364 404 349 290 231 130 171 
191 256 299 358 359 418 417 365 412 357 238 
251 316 311 419 371 376 375 374 315 
176 236 190 296 356 310 410 409 350 291 230 
295 355 250 351 411 370 416 415 414 405 354 
199 259 246 306 384 366 379 378 318 
222 342 401 402 343 249 283 189 228 168 108 
83 264 323 382 383 324 319 377 360 413 314 255 136 
71 195 254 353 300 312 257 372 317 258 198 
281 336 303 363 396 341 282 223 163 69 
129 288 348 309 403 369 408 407 406 346 
