Score: 227
1 16 34 47 65 66 82 101 102 146 161 162 190 191
1 27 53 60 64 96 123 125 140 142 151 191 196
1 10 46 55 87 92 106 120 134 175 190
1 55 72 75 121 149 179 188
1 19 67 89 108 145 156 184
1 30 44 55 110 112 173
2 14 19 27 94 135 140 160 180 197
2 6 64 71 87 119 167 181 194
2 30 43 44 50 101 136 141 197
3 2 11 25 35 45 92 94 114 134 145 146 147 183 190 193
3 29 39 40 41 49 50 52 60 80 108 158 169 194
3 1 3 4 22 74 104 110 160 173 191 196 198
3 6 9 15 22 24 49 102 113 124 157 163
3 8 21 22 34 35 37 51 89 144 186
3 0 6 51 56 127 131 155 159 187 188
3 25 75 82 99 137 178 185 189 199
3 3 50 62 68 69 83 91 101 132
3 32 33 39 106 156 180 182 199
3 28 122 125 130 147 157 165
4 5 7 16 30 34 38 39 50 71 96 98 102 109 131 176
4 12 27 44 56 57 59 87 92 117 126 150
4 23 43 47 49 70 74 140 151
4 33 34 38 68 124 153 178
4 106 126 128 131 139 179 188
5 1 26 36 38 44 71 83 86 105 109 119 172 191
5 50 56 73 81 90 97 140 148 160 177 181 188 194
5 18 20 72 73 105 116 132 139 168 193 198
5 7 40 64 66 68 84 108 110 169 170 183
5 13 31 42 46 89 122 124 160 166
5 3 43 50 63 110 123 139 159
5 10 28 41 43 54 81 142 192
6 12 61 63 71 109 111 148 151 152 153 179 185 192 199
6 43 82 85 88 104 124 128 129 152 158 190 196
6 1 15 48 52 79 101 118 135 136 173
6 23 31 44 84 99 142 145 171 185
7 10 43 95 104 105 120 129 133 141 142 145 153 162 172 184 191
7 26 36 39 64 72 89 145 149 150 156 160 171 190 193 196
7 61 73 78 92 99 143 155 169 177 179
8 23 38 49 55 67 86 127 147 170 194 195
8 1 17 56 75 89 90 103 115 133 183 191
9 5 14 38 42 58 65 71 115 118 120 127 130 133 150 168 189 191 198
9 13 19 47 61 76 77 83 85 86 93 109 111 145 146 147 161 172
9 5 27 39 69 80 99 108 116 117 118 154 178 195
9 0 58 69 97 99 100 106 113 118 173
11 14 18 22 58 85 87 101 115 116 146 154 161 174 180 188 192
11 11 27 29 34 43 73 74 114 130 131 142 162 164 179
11 4 16 19 37 85 86 88 90 99 107 138 155 164
