Score: 59
1 5 17 18 26 49 51 56 62 63 66 80 88 91 99 101 119 136 148 150 153 154 167 174 175 180 195 198 203 209 212 217 224 227 266 283 301 311 313 315 316 317 330 333 340 346 348 351 353 358 362 376 383 395 415 416 443 445 448 458 464 478 493 494 496
1 35 55 70 72 76 86 89 93 101 103 105 111 120 122 127 130 131 135 153 156 162 164 171 187 191 195 201 208 218 219 221 226 255 292 295 320 322 350 352 355 358 362 364 368 371 382 393 394 421 424 426 433 435 444 462 467 484 486 493
1 5 8 31 34 50 52 55 59 67 75 78 80 96 97 100 104 118 130 131 142 145 158 170 184 186 193 198 207 223 229 232 234 242 253 255 271 272 273 296 301 308 323 330 334 340 353 366 395 399 418 428 451 457 466 471 475 486 491
1 6 12 13 24 27 31 55 63 67 72 77 78 83 84 85 91 104 115 125 129 137 146 149 160 162 164 169 171 181 183 219 231 235 257 261 262 270 274 288 305 310 318 322 323 325 329 332 343 346 356 369 378 400 425 433 441 457 485
1 15 23 29 36 39 42 44 54 71 74 76 78 86 88 92 102 127 148 156 157 169 172 186 193 225 231 236 259 263 265 267 291 292 313 317 322 326 329 332 350 351 353 361 363 373 374 395 405 409 427 441 443 475 476 489
1 13 24 33 34 50 63 70 76 85 90 101 102 104 111 114 131 133 146 148 166 168 172 177 202 206 208 229 238 248 249 252 254 274 275 276 278 300 303 339 379 385 392 407 419 420 426 434 439 444 456 466 469 490 494 495
1 17 27 29 52 70 94 102 104 122 138 141 142 162 194 203 208 221 226 242 254 258 261 265 266 271 274 278 287 291 297 303 326 328 336 338 349 353 356 369 373 381 388 394 395 398 403 409 411 414 415 417 428 430 444 456
1 23 32 51 56 62 65 72 76 87 99 106 110 125 137 142 153 164 169 170 202 207 214 247 252 260 267 269 271 282 286 287 302 304 310 328 351 352 353 361 364 366 375 382 384 385 414 420 444 449 453 460 472 480 482 487
1 16 22 34 39 42 50 56 58 66 95 102 103 104 129 137 149 159 160 169 194 196 202 215 218 225 227 241 245 255 256 265 271 282 284 305 315 321 344 356 363 380 382 383 387 402 430 431 432 465 469 484 491 498 499
1 22 26 37 47 50 55 82 93 97 105 117 121 122 139 141 148 150 164 168 199 203 211 226 227 233 235 265 271 278 284 287 302 306 307 308 313 317 321 329 364 365 368 370 414 455 462 479 482 484 488 492 495 496
1 0 15 22 27 30 33 34 39 45 46 58 66 70 83 95 98 102 104 106 128 131 141 151 165 180 191 203 222 226 230 246 264 273 276 278 279 290 298 343 345 347 348 354 369 395 401 403 404 437 438 457 479 480
1 8 13 22 25 36 43 68 79 103 120 123 128 166 176 178 192 198 199 206 208 217 219 221 229 232 250 261 270 287 303 305 336 338 350 367 379 382 389 394 402 404 407 409 417 428 436 444 447 449 455 473 475
1 22 28 33 40 43 87 88 101 109 125 128 156 157 160 163 165 174 179 189 197 198 200 214 217 225 232 248 249 260 263 274 289 294 321 341 343 350 382 399 405 410 415 435 436 437 443 463 467 477 478 484 488
1 0 8 9 14 18 21 22 40 55 71 72 75 93 108 111 115 126 135 138 147 150 168 174 177 187 191 218 223 238 243 255 259 261 264 275 280 306 318 351 353 355 356 399 407 411 439 469 474 480 484 488 492
1 2 4 11 27 34 36 50 67 74 102 111 121 138 147 161 166 176 182 191 196 200 206 216 220 225 245 249 265 268 290 291 304 307 308 326 353 358 386 402 410 420 426 430 437 438 456 458 465 487 498
1 29 40 42 55 57 58 82 85 123 131 133 145 146 155 169 185 199 205 206 210 227 242 250 268 269 282 294 310 314 331 335 344 349 350 362 372 404 407 411 433 434 451 456 476 480 486 491 497
1 11 15 25 51 56 61 73 98 119 123 126 135 148 163 168 171 173 187 193 199 235 240 246 250 256 258 302 305 309 320 331 338 345 352 366 371 376 377 380 393 414 434 443 446 493 494
1 2 10 21 23 28 53 58 61 67 71 116 123 142 162 177 179 202 203 231 245 248 249 255 290 315 323 327 332 336 345 346 349 363 365 371 377 397 401 408 423 430 434 446 466 490 492
1 13 18 34 65 72 97 102 110 113 133 134 153 160 164 176 204 215 217 232 261 267 275 276 281 283 311 316 317 323 324 349 354 371 395 401 402 405 413 415 421 432 441 457 478 480 481
1 4 7 9 25 35 50 53 59 72 101 118 142 157 160 168 169 173 179 192 197 200 205 219 220 237 249 259 269 285 291 293 295 308 314 341 349 390 423 441 466 476 483 495 498
1 2 3 4 7 19 28 34 42 44 45 51 76 98 100 111 113 124 144 166 175 178 199 209 223 241 250 251 276 283 288 293 305 307 321 351 358 381 388 413 417 443 447 451
1 13 17 18 25 32 35 61 72 74 80 96 103 114 163 169 173 183 193 201 210 224 258 260 279 297 309 317 324 342 347 362 375 411 445 449 464 466 468 477 498
1 38 45 48 49 58 60 61 66 73 88 95 108 135 146 155 169 171 193 210 218 222 225 240 264 268 272 277 285 300 312 327 339 378 418 437 451 458 466 474 476
1 3 11 16 17 29 55 66 80 96 147 162 176 184 214 224 232 250 254 256 287 298 325 332 354 358 369 370 376 414 415 419 431 432 441 462 465 480 492
2 0 11 14 16 19 37 39 44 45 55 60 63 67 69 72 89 90 91 92 93 109 111 116 150 167 187 206 233 238 240 251 257 261 265 290 296 303 309 314 335 336 337 338 347 368 370 373 376 395 412 413 428 440 448 467 471 476 477
2 11 17 27 37 44 56 57 62 66 67 105 119 129 131 132 135 147 151 152 153 164 165 166 192 197 199 217 244 253 255 260 261 274 280 285 297 299 313 314 319 320 340 342 346 368 384 388 394 403 410 414 440 454 479 483 493
2 11 12 40 42 44 72 107 123 125 143 145 147 148 157 158 176 182 194 208 214 217 219 230 232 234 238 252 260 264 266 267 290 312 319 321 324 331 351 366 372 377 384 390 396 398 407 422 430 435 441 449 453 455 476 497 499
2 6 15 18 19 22 31 41 60 62 85 98 131 138 159 163 173 179 196 201 211 215 219 220 226 233 259 265 279 282 290 292 299 301 311 334 336 350 354 359 377 383 389 396 399 413 416 433 437 440 449 455 467 472 480 482 485
2 14 25 38 42 52 71 73 84 90 92 101 111 119 135 139 140 196 200 210 216 224 240 247 252 257 271 280 293 296 335 336 338 350 355 357 359 364 365 369 378 381 388 399 402 409 411 414 417 428 430 434 435 461 473 484
2 9 17 44 46 50 63 80 81 94 98 104 117 128 129 150 167 181 182 199 203 211 222 228 231 238 249 265 272 283 300 304 308 312 314 324 338 349 357 376 387 417 421 425 436 448 451 452 458 460 469 482 486 489 492 497
2 1 3 7 8 21 22 66 71 109 114 134 145 153 179 196 220 262 263 278 287 289 304 309 310 319 327 330 337 346 349 353 356 357 358 364 377 385 387 390 391 394 408 412 425 434 435 448 449 450 463 465 474 481 486 496
2 7 30 39 45 62 65 78 79 88 98 101 113 117 120 121 142 145 146 163 168 170 187 190 207 212 215 235 243 244 246 252 253 275 285 296 298 312 331 356 358 394 398 399 404 416 424 429 439 442 444 451 466 468
2 9 12 19 27 33 41 50 76 78 88 100 134 147 151 154 169 193 202 209 217 234 241 244 252 272 292 307 314 316 330 331 333 334 339 359 367 370 376 379 409 442 446 455 459 462 463 464 483 485 487 493 497
2 1 40 48 64 79 112 145 153 154 155 161 172 175 178 187 213 225 228 239 251 267 270 277 282 292 299 313 322 343 350 362 365 370 380 382 390 393 400 404 419 426 443 455 461 468 470 476 484 485 495
2 17 18 20 23 24 25 26 30 52 54 77 90 101 113 126 143 145 146 155 190 212 226 241 253 256 257 279 284 292 299 300 316 325 328 329 341 344 356 359 360 405 409 420 431 432 449 457 469 472 489
2 9 17 19 21 23 43 44 58 66 84 89 101 106 129 139 152 156 168 172 178 187 188 190 192 205 219 229 231 237 250 267 273 279 281 285 316 325 345 366 380 385 393 416 442 486
2 2 21 43 59 87 88 91 97 105 120 136 143 149 166 176 178 192 197 204 208 210 226 236 245 249 252 259 271 282 284 294 341 342 343 350 360 364 366 375 376 384 391 447 468 493
3 5 6 20 30 37 40 44 67 68 86 92 94 97 125 134 140 146 149 153 167 185 186 187 209 217 226 229 233 245 249 275 297 304 310 311 327 331 334 338 346 358 359 363 371 386 391 406 421 427 431 436 446 448 449 454 462
3 21 30 41 47 49 52 69 70 87 101 106 108 128 140 153 155 164 177 185 193 195 200 208 213 221 224 225 232 254 273 274 278 283 296 324 332 342 346 348 358 373 377 394 408 410 437 444 467 495 498
3 9 35 49 66 69 73 81 82 91 101 108 115 126 143 163 170 187 192 205 215 216 227 228 232 234 272 277 287 322 329 332 344 346 350 361 365 376 377 387 406 415 429 430 448 470 472 475
