Score: 75
1 1 24 37 57 62 76 86 92 98 134 144 187 196 202 264 291 294 321 352 367 396 413 436 447 459 465 470 509 514 521 548 551 554 567 583 610 634 673 691 698 704 706 757 759 779 781 789 793 794 822 824 850 860 863 873 884 891 901 926 934 949 951 957 970 994
1 0 6 52 67 69 70 78 91 116 126 146 157 168 169 195 201 290 302 310 313 333 341 345 348 388 398 405 410 432 447 470 474 484 524 549 568 577 592 598 629 638 647 670 678 697 698 723 725 737 738 747 753 771 782 784 811 821 888 912 919 940 977 978 989 993
1 7 17 29 70 79 97 111 141 145 152 154 161 163 179 185 215 247 258 264 270 275 315 336 345 380 412 444 446 447 471 477 486 493 501 503 507 566 571 609 614 634 762 778 787 789 804 810 827 846 849 853 856 857 858 864 887 925 934 935 948 963 974 986
1 4 58 64 129 149 156 198 202 208 220 222 262 275 281 284 293 346 350 359 392 404 419 428 461 468 470 523 530 538 587 626 654 676 681 739 744 756 759 770 779 799 810 821 823 824 842 855 869 874 878 881 882 896 906 928 939 943 958 965 998
1 3 19 68 77 102 104 123 160 161 176 188 200 203 236 241 251 290 318 319 320 331 436 449 464 494 525 541 542 549 582 583 587 595 608 610 630 631 655 683 705 724 732 738 743 774 780 797 801 803 832 856 858 862 880 887 932 933 981 982 995
1 4 29 33 110 111 114 115 117 121 122 148 158 178 184 199 203 240 257 271 276 278 320 326 333 338 379 463 470 473 486 493 527 534 547 564 592 624 630 686 710 714 721 797 808 817 819 822 829 875 879 898 912 922 932 954 955 956 959 992
1 14 18 34 41 46 49 129 154 175 210 212 225 301 323 358 362 374 415 426 449 452 462 468 479 480 490 508 513 521 539 542 560 585 621 636 672 675 690 696 697 739 767 775 799 802 875 889 897 917 928 930 951 952 976 985
1 2 26 31 60 63 110 117 186 192 197 211 234 269 274 351 403 404 418 444 460 474 476 496 501 529 532 534 558 562 598 602 611 613 623 634 643 678 706 712 741 772 791 796 798 814 843 849 891 898 908 910 916 929 962
1 25 62 73 81 97 124 133 155 168 170 177 180 194 200 248 256 262 291 304 318 321 427 428 434 442 443 496 521 535 544 549 550 580 594 597 599 631 635 636 639 656 664 681 683 688 699 715 725 762 813 815 820 855 867 884 943 960 987 998 999
1 9 93 108 111 112 119 138 234 268 272 274 278 286 294 356 376 384 428 431 455 458 470 482 500 578 603 606 607 634 659 665 677 679 724 730 753 757 773 787 796 819 826 831 854 872 873 876 899 913 922 925 942 945 970 987
1 8 14 76 89 104 109 117 138 171 178 216 253 266 267 279 294 309 328 353 357 423 444 466 473 487 491 511 516 518 523 530 559 561 568 570 595 625 644 659 662 673 766 776 787 795 802 819 822 895 939 969 979 991
1 14 51 78 82 105 137 140 162 247 253 286 306 319 360 370 375 378 393 429 495 500 544 547 549 553 556 579 581 593 678 697 704 710 715 721 723 749 760 792 795 823 825 840 848 852 865 883 889 939 943 985 988 990
1 1 17 18 57 61 84 101 105 134 153 161 166 174 205 233 293 299 335 390 406 470 488 489 490 491 492 505 512 588 637 645 662 663 664 691 728 790 798 806 833 855 889 904 911 919 920 948
1 1 7 20 22 32 67 85 97 139 143 146 153 164 173 192 204 250 264 284 322 358 361 371 396 399 408 425 447 476 477 492 494 519 526 533 545 551 566 599 659 677 691 710 723 758 772 778 799 837 868 877 881 886 896 918 958
1 3 30 31 48 57 72 98 120 125 130 189 228 229 231 235 251 253 299 301 333 336 338 339 391 515 522 550 568 570 577 590 597 612 616 638 668 669 689 691 697 730 741 762 804 805 852 872 882 899 900 911 915 944 963 965 992
1 0 10 79 94 107 136 142 143 153 178 218 226 246 258 272 276 283 292 305 309 349 356 366 399 407 422 463 473 482 490 525 543 556 583 619 696 699 733 743 744 784 815 816 845 859 860 881 927 963 971 973 979
1 27 38 40 43 68 95 106 116 118 121 127 167 210 232 237 276 297 313 317 319 351 361 365 398 406 407 417 446 468 475 501 539 545 556 559 561 571 593 599 624 691 703 723 751 752 808 848 857 865 874 893 917 928 937 942 955 962 984
1 21 54 75 106 113 120 122 128 133 138 157 179 191 194 198 236 253 268 271 302 325 328 334 336 343 368 408 433 455 481 504 591 642 673 676 708 711 719 736 760 804 809 853 881 899 910 968 982 994
1 0 15 42 60 66 99 151 161 176 179 184 248 278 308 327 333 336 345 349 373 386 419 449 463 475 495 510 523 528 532 539 553 556 566 569 594 603 608 629 631 657 663 704 710 733 736 748 762 769 781 787 794 796 818 831 837 870 876 908 909 921 942
1 32 59 82 104 110 113 140 155 177 206 231 237 289 298 330 331 357 362 378 387 390 405 409 415 419 473 479 518 530 561 573 587 589 602 610 621 640 658 664 673 702 713 715 722 728 754 757 800 817 832 857 894 901 952 967 972
1 2 26 36 45 65 88 89 109 121 142 207 216 235 263 273 292 321 336 374 400 404 416 421 426 448 457 495 516 517 523 530 544 572 584 620 673 715 728 755 803 804 820 841 842 926 959 990 996
1 1 12 25 85 112 129 183 198 234 245 252 266 279 285 293 300 339 383 438 460 471 483 484 506 542 563 589 607 611 649 658 717 725 746 780 798 831 836 919 938 940 950 951 974
1 21 25 29 43 60 85 102 116 132 190 195 202 260 271 294 296 304 329 342 352 355 374 383 386 390 417 436 445 446 451 456 491 588 601 618 628 655 812 847 868 874 879 913 930 954 960 970
1 19 22 87 108 115 123 173 188 196 209 210 228 277 303 307 324 348 374 391 395 475 518 539 576 577 630 642 653 666 673 680 705 723 741 744 749 773 776 781 784 797 825 828 832 838 840 885 889 908 929 931 959
1 91 100 106 110 115 119 120 148 156 174 196 198 224 227 238 275 336 382 433 465 469 505 525 531 541 555 563 571 585 586 598 607 624 627 630 638 665 701 722 728 753 764 780 864 866 894 900 903 915 926 974 993
1 0 17 25 70 96 107 117 145 148 195 213 217 243 247 256 270 297 298 314 322 323 370 398 419 420 437 453 460 499 555 556 559 595 603 643 646 681 747 788 793 808 868 871 888 889 916 934 966 994
1 15 37 71 80 96 97 122 133 142 158 165 169 172 173 176 189 214 222 234 272 290 298 315 320 350 369 407 413 421 432 443 445 473 501 538 565 587 610 611 625 638 643 670 675 687 714 717 731 749 817 877 891 912 914 922 936 941 942 958 992
1 28 38 62 72 94 115 130 133 139 163 171 177 185 200 224 265 275 313 359 379 416 430 443 497 498 517 526 563 589 596 652 673 688 704 707 756 784 856 863 891 897 905 924 934 947 979 998
1 16 27 28 56 75 107 147 151 171 220 229 268 294 344 385 397 443 450 454 475 487 493 544 551 553 554 555 559 595 612 623 647 656 657 658 667 675 725 782 809 823 849 856 875 912 945 962 972 983 985 992
1 47 70 101 128 153 155 185 195 200 208 221 224 232 254 274 296 324 348 358 377 394 437 444 467 495 540 546 609 629 659 705 720 753 855 856 867 880 883 908 912 918 943 956 961 966 998
1 11 13 18 44 77 98 129 174 204 216 236 266 277 279 293 298 321 405 436 439 445 512 517 557 559 607 616 624 666 695 713 740 745 754 780 827 853 885 923 924 925 955 959 984
1 37 71 74 96 100 127 128 257 273 274 311 323 375 381 399 402 423 428 436 445 447 466 511 513 559 624 634 641 648 762 769 777 785 810 861 875 882 908 928 952 954 977 996
1 2 19 21 27 79 100 133 136 155 189 212 230 258 282 319 340 345 365 370 372 411 418 427 456 471 485 487 505 515 535 594 629 632 670 673 679 697 703 758 829 830 841 854 868 904 905 942 944 966 976
1 19 63 96 106 145 152 173 182 226 296 336 447 478 519 575 586 589 650 676 681 711 712 736 738 765 780 787 797 813 816 825 835 904 917 922 933 951 958 969 973 991 996 997
1 27 41 46 50 83 86 114 155 205 242 248 286 301 350 366 390 401 404 427 429 447 462 488 507 533 550 590 600 603 676 682 704 725 748 753 775 782 800 806 829 848 888 890 958 969 972
1 70 77 85 89 117 152 154 156 188 190 200 216 233 248 259 269 288 308 310 321 347 354 386 410 426 497 515 532 580 591 627 643 667 702 746 749 761 785 850 859 872 893 902 908 914 920 937 938 956 970 986
1 38 63 72 90 97 102 137 141 142 144 187 223 243 301 391 397 406 426 429 446 471 487 491 524 552 569 570 571 616 641 679 691 708 716 729 760 837 841 847 851 872 884 917 921 945 948 955 970 988 990 993
1 40 81 84 93 102 119 128 138 150 181 196 221 222 234 268 286 370 410 428 434 435 505 506 530 540 568 586 592 597 646 649 653 686 709 717 726 733 804 810 811 827 831 834 846 859 886 891 906 921 927 936 962
1 38 43 50 68 69 71 86 99 113 123 187 200 205 216 221 236 244 261 267 328 352 421 439 458 490 497 501 590 604 632 636 637 647 660 691 693 759 764 776 779 788 817 840 891 943 962 969 977 992
1 10 32 37 85 88 109 127 188 204 220 252 271 283 294 339 345 346 364 384 387 414 425 486 491 504 509 566 580 587 592 643 651 671 673 699 705 754 767 831 846 859 869 874 877 890 907 922 927 971 987 995 996
1 0 18 32 33 41 43 86 100 109 131 133 134 146 180 185 194 197 248 272 283 294 311 352 363 428 436 462 464 481 502 509 514 538 542 565 582 584 601 608 613 630 667 685 735 767 780 793 812 821 903 930 986
1 1 10 28 31 39 98 114 174 183 189 213 235 240 263 269 324 351 380 388 483 508 536 586 605 625 629 665 694 726 761 791 825 840 852 864 872 884 887 896 899 920 927 930 942 969 971 973 994
1 15 61 81 122 129 139 142 158 167 259 340 343 348 359 394 395 397 415 417 462 487 495 498 524 542 687 692 698 714 718 746 750 770 776 801 802 812 828 839 864 878 884 899 908 915 923 948 958 959 982 988 989
1 2 9 16 32 44 59 93 207 231 232 233 265 266 286 295 338 348 393 404 405 471 538 564 589 599 601 611 615 645 653 683 721 722 784 786 787 793 832 833 861 874 958 969 980
2 44 88 219 230 238 271 286 313 314 444 452 497 507 553 574 615 670 671 684 696 734 748 757 768 772 799 803 815 825 871 895 944 955 964 970 982
2 52 57 61 92 97 102 104 107 115 162 172 208 212 225 236 240 255 286 306 336 347 350 372 429 432 440 461 532 539 547 557 570 592 599 606 628 633 645 660 665 674 681 727 732 741 745 749 809 817 844 854 885 908 938 978 993
1 45 75 84 124 125 136 151 163 167 203 209 212 230 253 270 276 296 329 348 354 357 360 367 368 433 452 467 468 491 506 513 545 586 611 654 689 690 739 744 762 766 781 785 803 813 892 942 946 954 975
1 35 49 69 73 143 163 205 215 216 228 272 329 361 365 406 415 429 430 470 472 475 524 533 538 544 553 617 628 631 638 646 666 699 708 744 777 797 809 825 835 845 857 871 904 920 922 939 973 987
2 12 16 18 55 63 94 105 125 135 179 180 186 190 196 250 260 273 282 307 310 317 322 337 343 346 351 356 399 412 419 440 443 468 477 546 577 596 605 658 682 694 718 740 767 773 774 782 853 864 898 940 953 959 987 988 991
1 0 38 39 48 65 70 96 99 134 141 184 193 221 238 293 297 319 330 339 342 359 414 416 426 434 468 478 507 530 563 611 627 739 766 783 790 791 837 841 858 868 943 997
2 32 53 68 80 86 119 129 131 152 156 172 175 222 246 252 253 263 265 392 438 463 465 486 513 526 578 579 622 625 638 672 673 680 688 698 742 751 757 761 807 822 837 920 961
1 6 22 52 84 95 98 112 148 195 223 231 242 276 280 281 291 311 318 332 338 366 376 386 387 443 453 488 496 544 546 556 595 600 602 608 643 644 668 683 717 816 859 872 894 896 908 989
2 12 21 69 71 72 103 114 131 133 140 149 153 166 192 214 239 249 257 270 281 311 338 348 366 373 443 453 462 469 484 506 517 526 535 620 675 739 752 769 819 839 876 899 929 940 946 957 959 976
2 8 20 23 27 51 81 120 149 161 191 239 248 251 298 307 308 316 329 353 383 400 411 420 422 442 455 536 548 576 584 585 593 615 645 659 674 729 736 746 760 773 778 797 798 800 821 847 852 865 889 897 899 901 911 913 988
2 19 24 143 146 158 165 213 226 239 351 372 376 389 416 427 431 443 474 535 536 537 559 566 647 672 680 692 721 731 741 755 775 811 815 826 830 865 882 896 939 948 955 966 995 997
1 10 37 61 68 79 109 156 162 164 166 204 207 227 265 295 312 325 347 380 383 403 409 420 449 454 458 473 489 492 521 580 617 659 722 724 772 810 818 845 873 885 906 936 968 996
1 8 61 75 91 117 169 179 200 231 233 243 248 260 315 385 424 436 445 466 472 477 552 564 575 576 629 656 672 703 729 781 797 802 808 825 840 863 870 887 889 895 919 949
1 0 8 30 60 104 107 126 133 148 149 160 164 174 199 227 232 243 245 289 306 323 324 338 413 444 446 454 456 460 515 534 597 601 606 614 661 679 701 735 789 805 825 842 892 898 942 944 947 957 968 970 979
1 29 34 76 117 138 159 183 198 256 301 333 352 361 387 427 482 502 516 522 524 561 615 634 636 640 667 672 680 701 715 717 754 758 815 831 835 859 870 880 881 893 896 908 922
1 9 61 76 114 115 138 140 151 162 169 171 192 306 315 339 351 353 436 475 505 516 520 534 544 550 559 601 614 620 671 697 699 775 778 780 800 818 835 836 860 955 972 979 981
3 18 46 55 69 74 114 119 130 144 161 165 185 207 208 217 232 235 243 285 290 307 320 350 389 429 434 441 448 460 483 490 492 522 532 560 579 625 660 680 721 763 772 780 785 790 826 842 843 848 901 917 947
3 112 139 140 151 186 197 214 241 287 357 365 367 375 390 391 410 429 442 448 463 470 478 489 510 516 532 556 562 589 613 622 647 653 686 695 696 700 701 707 722 745 799 827 835 864 875 888 893 899 912 916 924 928 931 941 950
2 5 69 71 83 108 112 124 146 158 159 169 238 250 266 295 351 358 382 435 444 480 483 491 572 593 620 626 650 669 680 699 774 797 800 819 839 876 903 907 911 933 950 988
