Score: 31
1 0 1 2 3 4 5 6 7 8 9 10 11 12 13 14 15 16 17 18 19 20 21 22 23 24 25 26 27 28 29 30 31 32 33 34 35 36 37 38 39 40 41 42 43 44 45 46 47 48 49 50 51 52 53 54 55 56 57 58 59 60 61 62 63 64 65 66 67 68 69 70 71 72 73 74 75 76 77 78 79 80 81 82 83 84 85 86 87 88 89 90 91 92 93 94 95 96 97 98 99 100 101 102 103 104 105 106 107 108 109 110 111 112 113 114 115 116 117 118 119 120 121 122 123 124 125 126
1 0 1 2 3 4 5 6 7 8 9 10 11 12 13 14 127 128 129 130 131 132 133 134 135 136 137 138 139 140 141 142 255 256 257 258 259 260 261 262 263 264 265 266 267 268 269 270 383 384 385 386 387 388 389 390 391 392 393 394 395 396 397 398 511 512 513 514 515 516 517 518 519 520 521 522 523 524 525 526 639 640 641 642 643 644 645 646 647 648 649 650 651 652 653 654 767 768 769 770 771 772 773 774 775 776 777 778 779 780 781 782 895 896 897 898 899 900 901 902 903 904 905 906 907 908 909 910
1 0 1 2 15 16 17 18 31 32 33 34 47 48 49 50 127 128 129 130 143 144 145 146 159 160 161 162 175 176 177 178 255 256 257 258 271 272 273 274 287 288 289 290 303 304 305 306 383 384 385 386 399 400 401 402 415 416 417 418 431 432 433 434 587 588 589 590 603 604 605 606 619 620 621 622 635 636 637 638 715 716 717 718 731 732 733 734 747 748 749 750 763 764 765 766 843 844 845 846 859 860 861 862 875 876 877 878 891 892 893 894 971 972 973 974 987 988 989 990 1003 1004 1005 1006 1019 1020 1021 1022
1 0 3 4 15 16 19 20 63 64 67 68 79 80 83 84 127 128 131 132 143 144 147 148 191 192 195 196 207 208 211 212 297 298 301 302 313 314 317 318 361 362 365 366 377 378 381 382 425 426 429 430 441 442 445 446 489 490 493 494 505 506 509 510 511 512 515 516 527 528 531 532 575 576 579 580 591 592 595 596 639 640 643 644 655 656 659 660 703 704 707 708 719 720 723 724 809 810 813 814 825 826 829 830 873 874 877 878 889 890 893 894 937 938 941 942 953 954 957 958 1001 1002 1005 1006 1017 1018 1021 1022
1 0 7 8 31 32 39 40 63 64 71 72 95 96 103 104 149 150 157 158 181 182 189 190 213 214 221 222 245 246 253 254 255 256 263 264 287 288 295 296 319 320 327 328 351 352 359 360 405 406 413 414 437 438 445 446 469 470 477 478 501 502 509 510 511 512 519 520 543 544 551 552 575 576 583 584 607 608 615 616 661 662 669 670 693 694 701 702 725 726 733 734 757 758 765 766 767 768 775 776 799 800 807 808 831 832 839 840 863 864 871 872 917 918 925 926 949 950 957 958 981 982 989 990 1013 1014 1021 1022
1 1 7 9 31 33 39 41 63 65 71 73 95 97 103 105 127 129 135 137 159 161 167 169 191 193 199 201 223 225 231 233 276 278 284 286 308 310 316 318 340 342 348 350 372 374 380 382 404 406 412 414 436 438 444 446 468 470 476 478 500 502 508 510 511 513 519 521 543 545 551 553 575 577 583 585 607 609 615 617 639 641 647 649 671 673 679 681 703 705 711 713 735 737 743 745 788 790 796 798 820 822 828 830 852 854 860 862 884 886 892 894 916 918 924 926 948 950 956 958 980 982 988 990 1012 1014 1020 1022
1 3 7 11 15 19 23 27 31 35 39 43 47 51 55 59 194 198 202 206 210 214 218 222 226 230 234 238 242 246 250 254 255 259 263 267 271 275 279 283 287 291 295 299 303 307 311 315 450 454 458 462 466 470 474 478 482 486 490 494 498 502 506 510 511 515 519 523 527 531 535 539 543 547 551 555 559 563 567 571 706 710 714 718 722 726 730 734 738 742 746 750 754 758 762 766 767 771 775 779 783 787 791 795 799 803 807 811 815 819 823 827 962 966 970 974 978 982 986 990 994 998 1002 1006 1010 1014 1018 1022
1 1 3 5 15 17 19 21 63 65 67 69 79 81 83 85 168 170 172 174 184 186 188 190 232 234 236 238 248 250 252 254 255 257 259 261 271 273 275 277 319 321 323 325 335 337 339 341 424 426 428 430 440 442 444 446 488 490 492 494 504 506 508 510 511 513 515 517 527 529 531 533 575 577 579 581 591 593 595 597 680 682 684 686 696 698 700 702 744 746 748 750 760 762 764 766 767 769 771 773 783 785 787 789 831 833 835 837 847 849 851 853 936 938 940 942 952 954 956 958 1000 1002 1004 1006 1016 1018 1020 1022
1 3 7 11 15 19 23 27 31 35 39 43 47 51 55 59 63 67 71 75 79 83 87 91 95 99 103 107 111 115 119 123 127 131 135 139 143 147 151 155 159 163 167 171 175 179 183 187 191 195 199 203 207 211 215 219 223 227 231 235 239 243 247 251 255 259 263 267 271 275 279 283 287 291 295 299 303 307 311 315 319 323 327 331 335 339 343 347 351 355 359 363 367 371 375 379 383 387 391 395 399 403 407 411 415 419 423 427 431 435 439 443 447 451 455 459 463 467 471 475 479 483 487 491 495 499 503 507
1 1 3 5 31 33 35 37 63 65 67 69 95 97 99 101 127 129 131 133 159 161 163 165 191 193 195 197 223 225 227 229 255 257 259 261 287 289 291 293 319 321 323 325 351 353 355 357 383 385 387 389 415 417 419 421 447 449 451 453 479 481 483 485 536 538 540 542 568 570 572 574 600 602 604 606 632 634 636 638 664 666 668 670 696 698 700 702 728 730 732 734 760 762 764 766 792 794 796 798 824 826 828 830 856 858 860 862 888 890 892 894 920 922 924 926 952 954 956 958 984 986 988 990 1016 1018 1020 1022
1 0 3 4 31 32 35 36 63 64 67 68 95 96 99 100 127 128 131 132 159 160 163 164 191 192 195 196 223 224 227 228 255 256 259 260 287 288 291 292 319 320 323 324 351 352 355 356 383 384 387 388 415 416 419 420 447 448 451 452 479 480 483 484 511 512 515 516 543 544 547 548 575 576 579 580 607 608 611 612 639 640 643 644 671 672 675 676 703 704 707 708 735 736 739 740 767 768 771 772 799 800 803 804 831 832 835 836 863 864 867 868 895 896 899 900 927 928 931 932 959 960 963 964 991 992 995 996
1 0 1 2 3 4 5 6 7 8 9 10 11 12 13 14 63 64 65 66 67 68 69 70 71 72 73 74 75 76 77 78 255 256 257 258 259 260 261 262 263 264 265 266 267 268 269 270 319 320 321 322 323 324 325 326 327 328 329 330 331 332 333 334 687 688 689 690 691 692 693 694 695 696 697 698 699 700 701 702 751 752 753 754 755 756 757 758 759 760 761 762 763 764 765 766 943 944 945 946 947 948 949 950 951 952 953 954 955 956 957 958 1007 1008 1009 1010 1011 1012 1013 1014 1015 1016 1017 1018 1019 1020 1021 1022
1 0 1 2 15 16 17 18 31 32 33 34 47 48 49 50 63 64 65 66 79 80 81 82 95 96 97 98 111 112 113 114 255 256 257 258 271 272 273 274 287 288 289 290 303 304 305 306 319 320 321 322 335 336 337 338 351 352 353 354 367 368 369 370 511 512 513 514 527 528 529 530 543 544 545 546 559 560 561 562 575 576 577 578 591 592 593 594 607 608 609 610 623 624 625 626 767 768 769 770 783 784 785 786 799 800 801 802 815 816 817 818 831 832 833 834 847 848 849 850 863 864 865 866 879 880 881 882
1 0 7 8 15 16 23 24 63 64 71 72 79 80 87 88 127 128 135 136 143 144 151 152 191 192 199 200 207 208 215 216 255 256 263 264 271 272 279 280 319 320 327 328 335 336 343 344 383 384 391 392 399 400 407 408 447 448 455 456 463 464 471 472 549 550 557 558 565 566 573 574 613 614 621 622 629 630 637 638 677 678 685 686 693 694 701 702 741 742 749 750 757 758 765 766 805 806 813 814 821 822 829 830 869 870 877 878 885 886 893 894 933 934 941 942 949 950 957 958 997 998 1005 1006 1013 1014 1021 1022
1 1 7 9 15 17 23 25 63 65 71 73 79 81 87 89 127 129 135 137 143 145 151 153 191 193 199 201 207 209 215 217 255 257 263 265 271 273 279 281 319 321 327 329 335 337 343 345 383 385 391 393 399 401 407 409 447 449 455 457 463 465 471 473 511 513 519 521 527 529 535 537 575 577 583 585 591 593 599 601 639 641 647 649 655 657 663 665 703 705 711 713 719 721 727 729 767 769 775 777 783 785 791 793 831 833 839 841 847 849 855 857 895 897 903 905 911 913 919 921 959 961 967 969 975 977 983 985
1 0 1 2 7 8 9 10 15 16 17 18 23 24 25 26 127 128 129 130 135 136 137 138 143 144 145 146 151 152 153 154 255 256 257 258 263 264 265 266 271 272 273 274 279 280 281 282 383 384 385 386 391 392 393 394 399 400 401 402 407 408 409 410 511 512 513 514 519 520 521 522 527 528 529 530 535 536 537 538 639 640 641 642 647 648 649 650 655 656 657 658 663 664 665 666 767 768 769 770 775 776 777 778 783 784 785 786 791 792 793 794 895 896 897 898 903 904 905 906 911 912 913 914 919 920 921 922
1 1 7 9 15 17 23 25 63 65 71 73 79 81 87 89 127 129 135 137 143 145 151 153 191 193 199 201 207 209 215 217 292 294 300 302 308 310 316 318 356 358 364 366 372 374 380 382 420 422 428 430 436 438 444 446 484 486 492 494 500 502 508 510 511 513 519 521 527 529 535 537 575 577 583 585 591 593 599 601 639 641 647 649 655 657 663 665 703 705 711 713 719 721 727 729 804 806 812 814 820 822 828 830 868 870 876 878 884 886 892 894 932 934 940 942 948 950 956 958 996 998 1004 1006 1012 1014 1020 1022
1 1 7 9 15 17 23 25 31 33 39 41 47 49 55 57 63 65 71 73 79 81 87 89 95 97 103 105 111 113 119 121 127 129 135 137 143 145 151 153 159 161 167 169 175 177 183 185 191 193 199 201 207 209 215 217 223 225 231 233 239 241 247 249 511 513 519 521 527 529 535 537 543 545 551 553 559 561 567 569 575 577 583 585 591 593 599 601 607 609 615 617 623 625 631 633 639 641 647 649 655 657 663 665 671 673 679 681 687 689 695 697 703 705 711 713 719 721 727 729 735 737 743 745 751 753 759 761
1 1 3 5 7 9 11 13 15 17 19 21 23 25 27 29 127 129 131 133 135 137 139 141 143 145 147 149 151 153 155 157 255 257 259 261 263 265 267 269 271 273 275 277 279 281 283 285 383 385 387 389 391 393 395 397 399 401 403 405 407 409 411 413 511 513 515 517 519 521 523 525 527 529 531 533 535 537 539 541 639 641 643 645 647 649 651 653 655 657 659 661 663 665 667 669 767 769 771 773 775 777 779 781 783 785 787 789 791 793 795 797 895 897 899 901 903 905 907 909 911 913 915 917 919 921 923 925
1 0 3 4 7 8 11 12 15 16 19 20 23 24 27 28 31 32 35 36 39 40 43 44 47 48 51 52 55 56 59 60 449 450 453 454 457 458 461 462 465 466 469 470 473 474 477 478 481 482 485 486 489 490 493 494 497 498 501 502 505 506 509 510 511 512 515 516 519 520 523 524 527 528 531 532 535 536 539 540 543 544 547 548 551 552 555 556 559 560 563 564 567 568 571 572 961 962 965 966 969 970 973 974 977 978 981 982 985 986 989 990 993 994 997 998 1001 1002 1005 1006 1009 1010 1013 1014 1017 1018 1021 1022
1 0 1 2 3 4 5 6 15 16 17 18 19 20 21 22 31 32 33 34 35 36 37 38 47 48 49 50 51 52 53 54 127 128 129 130 131 132 133 134 143 144 145 146 147 148 149 150 159 160 161 162 163 164 165 166 175 176 177 178 179 180 181 182 839 840 841 842 843 844 845 846 855 856 857 858 859 860 861 862 871 872 873 874 875 876 877 878 887 888 889 890 891 892 893 894 967 968 969 970 971 972 973 974 983 984 985 986 987 988 989 990 999 1000 1001 1002 1003 1004 1005 1006 1015 1016 1017 1018 1019 1020 1021 1022
1 1 3 5 7 9 11 13 31 33 35 37 39 41 43 45 127 129 131 133 135 137 139 141 159 161 163 165 167 169 171 173 336 338 340 342 344 346 348 350 368 370 372 374 376 378 380 382 464 466 468 470 472 474 476 478 496 498 500 502 504 506 508 510 511 513 515 517 519 521 523 525 543 545 547 549 551 553 555 557 639 641 643 645 647 649 651 653 671 673 675 677 679 681 683 685 848 850 852 854 856 858 860 862 880 882 884 886 888 890 892 894 976 978 980 982 984 986 988 990 1008 1010 1012 1014 1016 1018 1020 1022
1 0 1 2 7 8 9 10 31 32 33 34 39 40 41 42 127 128 129 130 135 136 137 138 159 160 161 162 167 168 169 170 339 340 341 342 347 348 349 350 371 372 373 374 379 380 381 382 467 468 469 470 475 476 477 478 499 500 501 502 507 508 509 510 511 512 513 514 519 520 521 522 543 544 545 546 551 552 553 554 639 640 641 642 647 648 649 650 671 672 673 674 679 680 681 682 851 852 853 854 859 860 861 862 883 884 885 886 891 892 893 894 979 980 981 982 987 988 989 990 1011 1012 1013 1014 1019 1020 1021 1022
1 1 7 9 31 33 39 41 84 86 92 94 116 118 124 126 127 129 135 137 159 161 167 169 212 214 220 222 244 246 252 254 255 257 263 265 287 289 295 297 340 342 348 350 372 374 380 382 383 385 391 393 415 417 423 425 468 470 476 478 500 502 508 510 511 513 519 521 543 545 551 553 596 598 604 606 628 630 636 638 639 641 647 649 671 673 679 681 724 726 732 734 756 758 764 766 767 769 775 777 799 801 807 809 852 854 860 862 884 886 892 894 895 897 903 905 927 929 935 937 980 982 988 990 1012 1014 1020 1022
1 0 1 2 3 4 5 6 7 8 9 10 11 12 13 14 63 64 65 66 67 68 69 70 71 72 73 74 75 76 77 78 127 128 129 130 131 132 133 134 135 136 137 138 139 140 141 142 191 192 193 194 195 196 197 198 199 200 201 202 203 204 205 206 511 512 513 514 515 516 517 518 519 520 521 522 523 524 525 526 575 576 577 578 579 580 581 582 583 584 585 586 587 588 589 590 639 640 641 642 643 644 645 646 647 648 649 650 651 652 653 654 703 704 705 706 707 708 709 710 711 712 713 714 715 716 717 718
1 1 3 5 15 17 19 21 31 33 35 37 47 49 51 53 200 202 204 206 216 218 220 222 232 234 236 238 248 250 252 254 255 257 259 261 271 273 275 277 287 289 291 293 303 305 307 309 456 458 460 462 472 474 476 478 488 490 492 494 504 506 508 510 511 513 515 517 527 529 531 533 543 545 547 549 559 561 563 565 712 714 716 718 728 730 732 734 744 746 748 750 760 762 764 766 767 769 771 773 783 785 787 789 799 801 803 805 815 817 819 821 968 970 972 974 984 986 988 990 1000 1002 1004 1006 1016 1018 1020 1022
1 3 7 11 15 19 23 27 31 35 39 43 47 51 55 59 127 131 135 139 143 147 151 155 159 163 167 171 175 179 183 187 255 259 263 267 271 275 279 283 287 291 295 299 303 307 311 315 383 387 391 395 399 403 407 411 415 419 423 427 431 435 439 443 578 582 586 590 594 598 602 606 610 614 618 622 626 630 634 638 706 710 714 718 722 726 730 734 738 742 746 750 754 758 762 766 834 838 842 846 850 854 858 862 866 870 874 878 882 886 890 894 962 966 970 974 978 982 986 990 994 998 1002 1006 1010 1014 1018 1022
1 0 7 8 15 16 23 24 31 32 39 40 47 48 55 56 197 198 205 206 213 214 221 222 229 230 237 238 245 246 253 254 255 256 263 264 271 272 279 280 287 288 295 296 303 304 311 312 453 454 461 462 469 470 477 478 485 486 493 494 501 502 509 510 511 512 519 520 527 528 535 536 543 544 551 552 559 560 567 568 709 710 717 718 725 726 733 734 741 742 749 750 757 758 765 766 767 768 775 776 783 784 791 792 799 800 807 808 815 816 823 824 965 966 973 974 981 982 989 990 997 998 1005 1006 1013 1014 1021 1022
1 0 3 4 7 8 11 12 15 16 19 20 23 24 27 28 31 32 35 36 39 40 43 44 47 48 51 52 55 56 59 60 63 64 67 68 71 72 75 76 79 80 83 84 87 88 91 92 95 96 99 100 103 104 107 108 111 112 115 116 119 120 123 124 127 128 131 132 135 136 139 140 143 144 147 148 151 152 155 156 159 160 163 164 167 168 171 172 175 176 179 180 183 184 187 188 191 192 195 196 199 200 203 204 207 208 211 212 215 216 219 220 223 224 227 228 231 232 235 236 239 240 243 244 247 248 251 252
1 0 1 2 3 4 5 6 15 16 17 18 19 20 21 22 63 64 65 66 67 68 69 70 79 80 81 82 83 84 85 86 423 424 425 426 427 428 429 430 439 440 441 442 443 444 445 446 487 488 489 490 491 492 493 494 503 504 505 506 507 508 509 510 511 512 513 514 515 516 517 518 527 528 529 530 531 532 533 534 575 576 577 578 579 580 581 582 591 592 593 594 595 596 597 598 935 936 937 938 939 940 941 942 951 952 953 954 955 956 957 958 999 1000 1001 1002 1003 1004 1005 1006 1015 1016 1017 1018 1019 1020 1021 1022
1 3 7 11 15 19 23 27 31 35 39 43 47 51 55 59 63 67 71 75 79 83 87 91 95 99 103 107 111 115 119 123 386 390 394 398 402 406 410 414 418 422 426 430 434 438 442 446 450 454 458 462 466 470 474 478 482 486 490 494 498 502 506 510 511 515 519 523 527 531 535 539 543 547 551 555 559 563 567 571 575 579 583 587 591 595 599 603 607 611 615 619 623 627 631 635 898 902 906 910 914 918 922 926 930 934 938 942 946 950 954 958 962 966 970 974 978 982 986 990 994 998 1002 1006 1010 1014 1018 1022
