Score: 189
1 40 50 52 97 154 183 225 267 275 298 316 326 367 375 387 391 444 478 548 663 678 690 728 750 787 812 832 841 850 866 891 978 982 988
1 5 112 148 172 187 193 260 278 295 301 317 318 340 342 353 419 446 452 460 558 680 701 707 720 732 783 787 870 894 968 974
1 17 41 51 114 153 197 225 243 282 319 327 426 448 451 456 468 503 511 518 531 556 607 612 616 638 667 746 796 808
1 58 64 149 156 198 220 262 281 284 293 350 392 404 428 461 468 530 654 676 744 759 823 842 855 896 943 958
1 0 42 99 161 179 184 278 333 336 345 528 553 556 566 569 608 629 736 748 781 787 831 837 870 876 908 909 921 942
1 4 110 115 117 122 203 240 320 326 333 379 463 470 534 564 624 710 808 822 829 875 912 922 955 956 959 992
1 73 76 133 137 172 201 214 247 319 357 461 506 527 550 555 570 682 687 711 745 766 814 821 838 923 936 944
1 9 93 138 268 272 278 294 356 428 431 458 603 606 634 659 665 677 679 724 730 753 826 854 872 873 899
1 61 65 102 163 184 237 325 396 511 536 541 542 550 659 663 696 735 756 758 781 818 878 902 915 979 985 998
1 35 83 159 272 295 306 362 388 440 450 548 563 575 585 595 605 640 641 664 666 678 722 734 777 889
1 16 122 123 176 285 322 377 405 408 409 475 480 544 554 618 632 723 726 802 919 940 964
1 13 37 39 44 198 210 233 258 395 397 414 446 490 599 619 638 686 732 771 788 849 860 862 925 950
1 15 29 31 49 135 183 199 228 271 297 385 415 421 470 499 546 608 626 724 772 784 850 857 903 929
1 23 69 74 78 105 120 131 183 219 239 243 290 321 376 384 397 418 434 548 561 644 855 913 985 993
1 59 104 113 140 206 237 289 298 357 378 387 405 419 473 561 573 589 602 610 658 673 702 817 894 901 967
1 36 111 165 170 305 332 395 487 492 519 555 564 582 587 645 698 727 781 918 931 947 984
1 12 30 204 279 292 388 431 455 462 476 504 518 525 627 631 689 697 733 752 916 960
1 5 31 53 88 117 162 185 275 365 372 388 438 444 448 460 488 528 630 649 672 697 757 891 938 946 956 976 983
1 1 8 83 161 227 254 264 265 314 552 622 656 671 683 731 790 824 843 984
1 15 28 76 131 194 218 235 237 266 302 335 382 401 404 496 554 571 577 653 690 771 840 898 908 945
1 10 90 125 212 234 300 319 333 383 398 458 703 705 761 778 852 957 963 995
1 1 7 9 71 85 89 120 241 251 356 384 400 404 437 450 457 485 665 687 836 935 942 961 970 978 994
1 33 41 46 130 142 246 276 308 329 377 380 450 520 600 636 757 787 809 948 951
1 61 64 139 161 179 180 182 209 217 275 278 299 304 370 402 413 421 598 646 672 709 745 833
1 68 72 86 113 117 128 191 278 338 410 458 470 574 665 757 784 794 832 858 894 927 962 969
1 18 119 169 196 248 249 418 450 452 544 601 623 634 693 757 773 785 886 920 988
1 0 23 83 163 164 173 352 417 429 498 558 581 588 685 693 719 759 915 966 973
1 7 28 161 174 178 243 337 371 404 480 491 524 530 549 586 598 671 673 718 865 933 997 998
1 37 100 257 274 399 402 428 447 511 513 559 641 762 810 882 952 996
1 2 10 24 111 127 211 224 263 354 416 459 605 695 786 917
1 14 124 132 302 319 330 404 435 460 545 566 643 679 684 725 752 759 864 867 935 946 952
1 0 44 55 196 294 395 405 452 506 509 526 578 699 714 760 823 863 878 897 941 943 972
1 27 107 198 209 268 270 273 304 367 373 415 481 555 593 627 657 664 667 694 768 822 902 913 939
1 56 147 180 328 389 403 445 540 563 568 582 753 827 938 944 991
1 12 21 34 63 64 121 207 308 321 324 382 418 474 497 531 550 621 660 841
1 106 110 151 158 267 364 394 444 445 528 594 632 746 751 844 854 892 894
1 36 89 142 216 273 321 336 416 421 495 517 523 544 572 728 755 820 841 926 990 996
1 2 11 26 30 48 49 97 134 294 313 322 346 431 447 449 463 484 560 566 622 865 967
1 17 18 57 84 101 134 293 406 488 588 662 663 691 889 904 911 920 948
1 12 60 177 185 203 219 242 290 341 415 459 461 531 555 559 590 591 668 840 847 923 926 961
1 54 102 105 162 251 373 393 442 481 529 574 596 688 722 736 798 828 837 897 942
1 73 263 268 323 362 429 430 436 444 458 469 501 579 693 735 746 787 833 870 884 905 939
1 10 38 102 145 193 246 261 398 509 512 754 801 874 895
2 4 24 95 146 158 188 266 284 296 347 396 427 485 489 558 639 648 694 722 737 747 792 881 910 929 941 957 987 996
1 110 145 149 161 269 423 444 500 509 561 608 672 674 713 915 924 948 950 958 989
1 50 119 131 163 195 202 214 223 232 320 336 345 354 433 439 590 794 837 948 977
1 31 111 184 259 279 471 499 519 533 542 573 623 626 635 662 670 844 861 885 902 912 983
1 12 16 55 94 125 135 180 190 250 260 282 310 351 399 440 443 468 577 605 682 767 864 940 988
1 10 17 49 114 119 142 221 426 449 455 477 515 517 533 580 593 615 732 786 838 848 936
1 4 76 80 87 96 136 174 223 273 294 350 406 409 437 480 598 610 683 796 809 822 826 837 870 879 883
1 3 70 83 108 192 340 342 363 385 404 439 455 456 548 558 563 645 652 820 922 979
1 10 133 146 180 196 200 228 308 352 454 561 569 607 718 719 776 851 856 906
1 113 184 222 228 315 411 426 565 571 647 669 705 744 747 766 891 908 966 976
1 10 37 85 252 271 364 486 491 504 566 673 859 874 877 907 927 971 996
1 30 118 167 186 309 311 476 585 690 728 773 832 864 909 943 959 980 985
1 120 170 189 213 230 249 295 413 541 692 710 782 799 808
1 36 37 107 159 161 182 191 315 386 390 466 484 586 787 811 818 890 896 909
2 52 84 117 144 178 217 222 234 260 296 344 348 365 416 442 482 484 537 612 642 740 797 842 871 901 922 965
1 39 283 361 365 450 462 519 536 576 650 670 676 710 716 722 783 794
1 89 108 293 338 344 345 364 428 494 539 544 594 664 666 699 714 868 934 964
2 6 42 44 161 176 287 291 376 390 392 471 508 514 522 571 612 644 645 805 817 823 857 891 930 987
1 50 73 84 188 196 203 230 233 273 316 335 340 404 457 583 645 694 741 771 774 784 843 866 869 941 942 973
1 21 71 103 131 249 281 311 338 373 443 462 469 517 535 620 752 769 929 976
1 13 41 110 151 218 231 234 293 336 401 408 486 569 578 742 876 905 954 959 981 989
1 8 33 44 47 161 168 173 207 222 246 256 274 327 335 392 419 456 475 593 663 723 743 757 773 903 944 997
2 22 77 95 112 166 167 260 345 362 451 575 648 675 676 693 763 765 853 911 992
2 48 191 203 208 227 264 280 339 342 464 544 551 594 603 657 717 739 785 820 941
1 0 23 32 200 359 507 519 568 728 774 802 897 926
2 21 92 112 221 278 318 323 438 488 558 577 583 585 660 678 700 715 738 770 795 802 820 957
1 58 98 218 250 287 303 497 651 652 665 676 688 864 865 882 943 990
1 91 352 422 459 485 596 600 678 682 698 711 735 785 792 813 930 969 973
1 57 81 109 153 180 233 237 244 287 336 460 461 484 491 503 531 664 711
1 12 57 86 150 181 277 291 353 396 397 431 461 558 653 683 703 833 909
1 219 238 286 313 452 553 615 684 696 748 772 803 871 964 982
1 9 15 162 178 312 381 386 462 529 544 614 653 731 851 924 951 961
1 176 223 407 413 444 450 472 509 585 624 640 756 759 793 852 890
1 9 67 130 259 274 411 804 825 958 966 972
1 174 219 241 249 439 546 622 721 753 764 823 835 897 948 963 985
1 53 278 305 320 488 511 521 626 710 807 809 834 882 978
2 28 37 54 58 78 148 150 175 215 230 265 374 432 470 534 580 668 680 821 852 876 928 934
2 75 157 181 263 288 299 338 360 454 469 491 492 504 513 609 624 630 705 714 736 752 760 923 967 993
3 22 25 36 127 133 139 182 190 317 321 355 370 441 467 478 503 611 631 664 800 815 822 844 871 882 935 941
2 41 66 68 89 124 133 166 216 338 567 623 655 718 801 810 834 888 929 935 940 971
2 23 88 97 346 493 508 525 538 585 592 623 673 674 759 760 761 825 845 945 958 977 992
2 45 62 126 224 237 267 369 395 413 421 460 533 652 660 679 694 731 773 793 823
2 19 29 55 112 122 129 141 153 178 222 359 492 503 509 546 564 638 699 803 842 857 863 867 932
2 10 83 89 106 140 159 161 189 216 253 319 342 344 362 406 424 483 581 604 648 650 651 698 865 870 891 946 971
1 117 179 309 423 445 484 488 539 541 543 577 597 619 689 738 802 820 858
2 20 60 102 155 163 245 248 300 339 364 466 487 507 527 547 560 587 731 809 876 980 984 990
2 1 97 106 389 395 447 464 523 540 617 680 729 748 756 816 900
1 113 138 158 180 246 269 318 322 344 348 392 453 461 576 654 690 796 808 836 863 872 880
1 4 173 237 255 301 327 376 523 531 579 607 630 652 664 681 848 852
2 28 79 102 128 229 317 351 365 366 396 462 487 544 598 618 688 716 734 761 802 815 854 878 902 945 990
2 31 32 57 94 174 227 282 368 481 494 510 522 541 584 591 609 686 778 798 878 886 941 954
2 80 164 218 271 282 393 403 425 487 568 587 623 633 679 818 872 893 915 945
3 35 62 112 113 141 226 282 289 331 347 475 492 545 568 589 593 630 635 770 778 837 953 999
3 52 70 95 126 142 178 228 252 272 309 480 516 562 578 580 590 628 652 758 772 813 846 882 884 911
2 10 38 79 173 202 259 343 371 421 469 560 565 583 779 790 840 842 859 996
1 38 72 90 137 142 144 223 243 406 524 552 570 641 679 691 708 729 841 847 872 945 955 970 993
2 28 200 219 236 238 246 263 281 283 288 301 362 365 387 402 444 495 504 511 532 729 759 838 843 894 924
2 28 122 151 244 327 329 347 454 479 505 634 678 687 719 729 740 762 859 879 958 974 995
2 5 69 71 83 108 124 146 295 358 382 483 491 572 593 620 650 680 699 774 797 819 911
1 28 62 130 163 177 185 265 359 379 416 517 589 652 673 688 704 784 856 934 979 998
1 72 93 160 167 194 240 252 281 369 377 484 621 657 673 695 722 723 797 870 882
1 85 126 130 251 278 434 459 478 485 491 568 775
1 97 142 158 165 214 222 272 298 315 413 421 443 565 587 610 611 670 714 731 817 891 914 936 958 992
2 11 69 102 194 203 214 248 349 367 411 431 464 609 641 665 688 834 869 912 949
3 43 132 133 215 249 282 313 319 357 445 465 477 530 557 662 725 762 792 984
1 68 85 170 213 332 457 462 492 558 669 721 743 749 827 838 952 997
1 21 110 128 240 280 314 325 370 397 524 525 533 598 627 637 884
1 33 37 44 171 216 326 337 383 482 560 778 794 856 934 942 967 991
1 205 361 391 447 590
1 21 60 139 249 262 328 335 372 573 661 899 905 913 982
3 23 94 113 142 152 160 224 225 283 362 382 422 427 504 544 563 582 587 625 769 927 944 960 984 994
3 103 113 128 193 277 342 343 378 472 501 546 553 559 638 706 732 773 784 789 847 849 858 862 904
5 133 149 173 221 285 311 334 437 443 469 487 536 618 637 784 791 806 890 915 950
5 7 49 116 207 236 249 302 415 455 458 573 582 636 677 687 700 712 762 766 839 840 918 980
6 44 85 140 143 259 298 301 306 502 557 615 724 812 892 938 971 974 986
4 7 247 288 307 358 436 475 497 504 517 529 627 657 668 746 822 856 925 928 937 958 993
4 95 196 236 283 304 407 490 550 602 718 780 841 900 908 975
2 173 180 184 200 351 410 438 478 519 613 620 740 953 971 989
2 21 84 144 368 385 391 402 459 591 722 796 857 870 887 911
2 72 101 139 151 177 189 203 220 255 298 320 394 412 423 561 567 573 617 650 670 782 843 884 990 992 996
3 54 82 88 96 194 248 256 299 354 387 400 468 469 506 512 582 604 661 772 801 859 869 944 951 953
3 3 33 45 47 63 85 125 136 163 183 196 211 215 227 297 319 356 437 451 458 474 550 560 581 623 655 673 718 723 830 834 921
3 128 231 276 363 420 471 507 566 608 731 733 751 822 853 954
