Score: 28
1 0 1 2 3 4 5 6 7 8 9 10 11 12 13 14 15 16 17 18 19 20 21 22 23 24 25 26 27 28 29 30 31 32 33 34 35 36 37 38 39 40 41 42 43 44 45 46 47 48 49 50 51 52 53 54 55 56 57 58 59 60 61 62 63 64 65 66 67 68 69 70 71 72 73 74 75 76 77 78 79 80 81 82 83 84 85 86 87 88 89 90 91 92 93 94 95 96 97 98 99 100 101 102 103 104 105 106 107 108 109 110 111 112 113 114 115 116 117 118 119 120 121 122 123 124 125 126
1 0 1 2 3 4 5 6 7 8 9 10 11 12 13 14 127 128 129 130 131 132 133 134 135 136 137 138 139 140 141 142 255 256 257 258 259 260 261 262 263 264 265 266 267 268 269 270 383 384 385 386 387 388 389 390 391 392 393 394 395 396 397 398 511 512 513 514 515 516 517 518 519 520 521 522 523 524 525 526 639 640 641 642 643 644 645 646 647 648 649 650 651 652 653 654 767 768 769 770 771 772 773 774 775 776 777 778 779 780 781 782 895 896 897 898 899 900 901 902 903 904 905 906 907 908 909 910
1 0 1 2 15 16 17 18 31 32 33 34 47 48 49 50 127 128 129 130 143 144 145 146 159 160 161 162 175 176 177 178 255 256 257 258 271 272 273 274 287 288 289 290 303 304 305 306 383 384 385 386 399 400 401 402 415 416 417 418 431 432 433 434 587 588 589 590 603 604 605 606 619 620 621 622 635 636 637 638 715 716 717 718 731 732 733 734 747 748 749 750 763 764 765 766 843 844 845 846 859 860 861 862 875 876 877 878 891 892 893 894 971 972 973 974 987 988 989 990 1003 1004 1005 1006 1019 1020 1021 1022
1 0 3 4 15 16 19 20 63 64 67 68 79 80 83 84 127 128 131 132 143 144 147 148 191 192 195 196 207 208 211 212 297 298 301 302 313 314 317 318 361 362 365 366 377 378 381 382 425 426 429 430 441 442 445 446 489 490 493 494 505 506 509 510 511 512 515 516 527 528 531 532 575 576 579 580 591 592 595 596 639 640 643 644 655 656 659 660 703 704 707 708 719 720 723 724 809 810 813 814 825 826 829 830 873 874 877 878 889 890 893 894 937 938 941 942 953 954 957 958 1001 1002 1005 1006 1017 1018 1021 1022
1 0 7 8 31 32 39 40 63 64 71 72 95 96 103 104 149 150 157 158 181 182 189 190 213 214 221 222 245 246 253 254 255 256 263 264 287 288 295 296 319 320 327 328 351 352 359 360 405 406 413 414 437 438 445 446 469 470 477 478 501 502 509 510 511 512 519 520 543 544 551 552 575 576 583 584 607 608 615 616 661 662 669 670 693 694 701 702 725 726 733 734 757 758 765 766 767 768 775 776 799 800 807 808 831 832 839 840 863 864 871 872 917 918 925 926 949 950 957 958 981 982 989 990 1013 1014 1021 1022
1 1 7 9 31 33 39 41 63 65 71 73 95 97 103 105 127 129 135 137 159 161 167 169 191 193 199 201 223 225 231 233 276 278 284 286 308 310 316 318 340 342 348 350 372 374 380 382 404 406 412 414 436 438 444 446 468 470 476 478 500 502 508 510 511 513 519 521 543 545 551 553 575 577 583 585 607 609 615 617 639 641 647 649 671 673 679 681 703 705 711 713 735 737 743 745 788 790 796 798 820 822 828 830 852 854 860 862 884 886 892 894 916 918 924 926 948 950 956 958 980 982 988 990 1012 1014 1020 1022
1 3 7 11 15 19 23 27 63 67 71 75 79 83 87 91 127 131 135 139 143 147 151 155 191 195 199 203 207 211 215 219 255 259 263 267 271 275 279 283 319 323 327 331 335 339 343 347 383 387 391 395 399 403 407 411 447 451 455 459 463 467 471 475 546 550 554 558 562 566 570 574 610 614 618 622 626 630 634 638 674 678 682 686 690 694 698 702 738 742 746 750 754 758 762 766 802 806 810 814 818 822 826 830 866 870 874 878 882 886 890 894 930 934 938 942 946 950 954 958 994 998 1002 1006 1010 1014 1018 1022
1 1 3 5 15 17 19 21 31 33 35 37 47 49 51 53 63 65 67 69 79 81 83 85 95 97 99 101 111 113 115 117 255 257 259 261 271 273 275 277 287 289 291 293 303 305 307 309 319 321 323 325 335 337 339 341 351 353 355 357 367 369 371 373 511 513 515 517 527 529 531 533 543 545 547 549 559 561 563 565 575 577 579 581 591 593 595 597 607 609 611 613 623 625 627 629 767 769 771 773 783 785 787 789 799 801 803 805 815 817 819 821 831 833 835 837 847 849 851 853 863 865 867 869 879 881 883 885
1 1 3 5 7 9 11 13 15 17 19 21 23 25 27 29 31 33 35 37 39 41 43 45 47 49 51 53 55 57 59 61 448 450 452 454 456 458 460 462 464 466 468 470 472 474 476 478 480 482 484 486 488 490 492 494 496 498 500 502 504 506 508 510 511 513 515 517 519 521 523 525 527 529 531 533 535 537 539 541 543 545 547 549 551 553 555 557 559 561 563 565 567 569 571 573 960 962 964 966 968 970 972 974 976 978 980 982 984 986 988 990 992 994 996 998 1000 1002 1004 1006 1008 1010 1012 1014 1016 1018 1020 1022
1 0 7 8 15 16 23 24 31 32 39 40 47 48 55 56 127 128 135 136 143 144 151 152 159 160 167 168 175 176 183 184 255 256 263 264 271 272 279 280 287 288 295 296 303 304 311 312 383 384 391 392 399 400 407 408 415 416 423 424 431 432 439 440 511 512 519 520 527 528 535 536 543 544 551 552 559 560 567 568 639 640 647 648 655 656 663 664 671 672 679 680 687 688 695 696 767 768 775 776 783 784 791 792 799 800 807 808 815 816 823 824 895 896 903 904 911 912 919 920 927 928 935 936 943 944 951 952
1 0 1 2 15 16 17 18 63 64 65 66 79 80 81 82 171 172 173 174 187 188 189 190 235 236 237 238 251 252 253 254 255 256 257 258 271 272 273 274 319 320 321 322 335 336 337 338 427 428 429 430 443 444 445 446 491 492 493 494 507 508 509 510 511 512 513 514 527 528 529 530 575 576 577 578 591 592 593 594 683 684 685 686 699 700 701 702 747 748 749 750 763 764 765 766 767 768 769 770 783 784 785 786 831 832 833 834 847 848 849 850 939 940 941 942 955 956 957 958 1003 1004 1005 1006 1019 1020 1021 1022
1 0 1 2 3 4 5 6 31 32 33 34 35 36 37 38 127 128 129 130 131 132 133 134 159 160 161 162 163 164 165 166 255 256 257 258 259 260 261 262 287 288 289 290 291 292 293 294 383 384 385 386 387 388 389 390 415 416 417 418 419 420 421 422 599 600 601 602 603 604 605 606 631 632 633 634 635 636 637 638 727 728 729 730 731 732 733 734 759 760 761 762 763 764 765 766 855 856 857 858 859 860 861 862 887 888 889 890 891 892 893 894 983 984 985 986 987 988 989 990 1015 1016 1017 1018 1019 1020 1021 1022
1 1 3 5 31 33 35 37 63 65 67 69 95 97 99 101 127 129 131 133 159 161 163 165 191 193 195 197 223 225 227 229 255 257 259 261 287 289 291 293 319 321 323 325 351 353 355 357 383 385 387 389 415 417 419 421 447 449 451 453 479 481 483 485 511 513 515 517 543 545 547 549 575 577 579 581 607 609 611 613 639 641 643 645 671 673 675 677 703 705 707 709 735 737 739 741 767 769 771 773 799 801 803 805 831 833 835 837 863 865 867 869 895 897 899 901 927 929 931 933 959 961 963 965 991 993 995 997
1 0 1 2 7 8 9 10 15 16 17 18 23 24 25 26 31 32 33 34 39 40 41 42 47 48 49 50 55 56 57 58 63 64 65 66 71 72 73 74 79 80 81 82 87 88 89 90 95 96 97 98 103 104 105 106 111 112 113 114 119 120 121 122 127 128 129 130 135 136 137 138 143 144 145 146 151 152 153 154 159 160 161 162 167 168 169 170 175 176 177 178 183 184 185 186 191 192 193 194 199 200 201 202 207 208 209 210 215 216 217 218 223 224 225 226 231 232 233 234 239 240 241 242 247 248 249 250
1 0 3 4 7 8 11 12 31 32 35 36 39 40 43 44 63 64 67 68 71 72 75 76 95 96 99 100 103 104 107 108 255 256 259 260 263 264 267 268 287 288 291 292 295 296 299 300 319 320 323 324 327 328 331 332 351 352 355 356 359 360 363 364 657 658 661 662 665 666 669 670 689 690 693 694 697 698 701 702 721 722 725 726 729 730 733 734 753 754 757 758 761 762 765 766 913 914 917 918 921 922 925 926 945 946 949 950 953 954 957 958 977 978 981 982 985 986 989 990 1009 1010 1013 1014 1017 1018 1021 1022
1 1 7 9 15 17 23 25 63 65 71 73 79 81 87 89 127 129 135 137 143 145 151 153 191 193 199 201 207 209 215 217 255 257 263 265 271 273 279 281 319 321 327 329 335 337 343 345 383 385 391 393 399 401 407 409 447 449 455 457 463 465 471 473 548 550 556 558 564 566 572 574 612 614 620 622 628 630 636 638 676 678 684 686 692 694 700 702 740 742 748 750 756 758 764 766 804 806 812 814 820 822 828 830 868 870 876 878 884 886 892 894 932 934 940 942 948 950 956 958 996 998 1004 1006 1012 1014 1020 1022
1 0 1 2 7 8 9 10 63 64 65 66 71 72 73 74 179 180 181 182 187 188 189 190 243 244 245 246 251 252 253 254 255 256 257 258 263 264 265 266 319 320 321 322 327 328 329 330 435 436 437 438 443 444 445 446 499 500 501 502 507 508 509 510 511 512 513 514 519 520 521 522 575 576 577 578 583 584 585 586 691 692 693 694 699 700 701 702 755 756 757 758 763 764 765 766 767 768 769 770 775 776 777 778 831 832 833 834 839 840 841 842 947 948 949 950 955 956 957 958 1011 1012 1013 1014 1019 1020 1021 1022
1 0 1 2 3 4 5 6 7 8 9 10 11 12 13 14 15 16 17 18 19 20 21 22 23 24 25 26 27 28 29 30 479 480 481 482 483 484 485 486 487 488 489 490 491 492 493 494 495 496 497 498 499 500 501 502 503 504 505 506 507 508 509 510 511 512 513 514 515 516 517 518 519 520 521 522 523 524 525 526 527 528 529 530 531 532 533 534 535 536 537 538 539 540 541 542 991 992 993 994 995 996 997 998 999 1000 1001 1002 1003 1004 1005 1006 1007 1008 1009 1010 1011 1012 1013 1014 1015 1016 1017 1018 1019 1020 1021 1022
1 0 3 4 31 32 35 36 63 64 67 68 95 96 99 100 127 128 131 132 159 160 163 164 191 192 195 196 223 224 227 228 281 282 285 286 313 314 317 318 345 346 349 350 377 378 381 382 409 410 413 414 441 442 445 446 473 474 477 478 505 506 509 510 511 512 515 516 543 544 547 548 575 576 579 580 607 608 611 612 639 640 643 644 671 672 675 676 703 704 707 708 735 736 739 740 793 794 797 798 825 826 829 830 857 858 861 862 889 890 893 894 921 922 925 926 953 954 957 958 985 986 989 990 1017 1018 1021 1022
1 7 15 23 31 39 47 55 70 78 86 94 102 110 118 126 127 135 143 151 159 167 175 183 198 206 214 222 230 238 246 254 255 263 271 279 287 295 303 311 326 334 342 350 358 366 374 382 383 391 399 407 415 423 431 439 454 462 470 478 486 494 502 510 511 519 527 535 543 551 559 567 582 590 598 606 614 622 630 638 639 647 655 663 671 679 687 695 710 718 726 734 742 750 758 766 767 775 783 791 799 807 815 823 838 846 854 862 870 878 886 894 895 903 911 919 927 935 943 951 966 974 982 990 998 1006 1014 1022
1 3 7 11 15 19 23 27 31 35 39 43 47 51 55 59 127 131 135 139 143 147 151 155 159 163 167 171 175 179 183 187 255 259 263 267 271 275 279 283 287 291 295 299 303 307 311 315 383 387 391 395 399 403 407 411 415 419 423 427 431 435 439 443 511 515 519 523 527 531 535 539 543 547 551 555 559 563 567 571 639 643 647 651 655 659 663 667 671 675 679 683 687 691 695 699 767 771 775 779 783 787 791 795 799 803 807 811 815 819 823 827 895 899 903 907 911 915 919 923 927 931 935 939 943 947 951 955
1 0 1 2 7 8 9 10 15 16 17 18 23 24 25 26 31 32 33 34 39 40 41 42 47 48 49 50 55 56 57 58 63 64 65 66 71 72 73 74 79 80 81 82 87 88 89 90 95 96 97 98 103 104 105 106 111 112 113 114 119 120 121 122 255 256 257 258 263 264 265 266 271 272 273 274 279 280 281 282 287 288 289 290 295 296 297 298 303 304 305 306 311 312 313 314 319 320 321 322 327 328 329 330 335 336 337 338 343 344 345 346 351 352 353 354 359 360 361 362 367 368 369 370 375 376 377 378
1 1 3 5 7 9 11 13 63 65 67 69 71 73 75 77 127 129 131 133 135 137 139 141 191 193 195 197 199 201 203 205 255 257 259 261 263 265 267 269 319 321 323 325 327 329 331 333 383 385 387 389 391 393 395 397 447 449 451 453 455 457 459 461 560 562 564 566 568 570 572 574 624 626 628 630 632 634 636 638 688 690 692 694 696 698 700 702 752 754 756 758 760 762 764 766 816 818 820 822 824 826 828 830 880 882 884 886 888 890 892 894 944 946 948 950 952 954 956 958 1008 1010 1012 1014 1016 1018 1020 1022
1 0 3 4 7 8 11 12 15 16 19 20 23 24 27 28 63 64 67 68 71 72 75 76 79 80 83 84 87 88 91 92 127 128 131 132 135 136 139 140 143 144 147 148 151 152 155 156 191 192 195 196 199 200 203 204 207 208 211 212 215 216 219 220 511 512 515 516 519 520 523 524 527 528 531 532 535 536 539 540 575 576 579 580 583 584 587 588 591 592 595 596 599 600 603 604 639 640 643 644 647 648 651 652 655 656 659 660 663 664 667 668 703 704 707 708 711 712 715 716 719 720 723 724 727 728 731 732
1 0 1 2 3 4 5 6 15 16 17 18 19 20 21 22 31 32 33 34 35 36 37 38 47 48 49 50 51 52 53 54 255 256 257 258 259 260 261 262 271 272 273 274 275 276 277 278 287 288 289 290 291 292 293 294 303 304 305 306 307 308 309 310 711 712 713 714 715 716 717 718 727 728 729 730 731 732 733 734 743 744 745 746 747 748 749 750 759 760 761 762 763 764 765 766 967 968 969 970 971 972 973 974 983 984 985 986 987 988 989 990 999 1000 1001 1002 1003 1004 1005 1006 1015 1016 1017 1018 1019 1020 1021 1022
1 0 1 2 3 4 5 6 7 8 9 10 11 12 13 14 31 32 33 34 35 36 37 38 39 40 41 42 43 44 45 46 255 256 257 258 259 260 261 262 263 264 265 266 267 268 269 270 287 288 289 290 291 292 293 294 295 296 297 298 299 300 301 302 719 720 721 722 723 724 725 726 727 728 729 730 731 732 733 734 751 752 753 754 755 756 757 758 759 760 761 762 763 764 765 766 975 976 977 978 979 980 981 982 983 984 985 986 987 988 989 990 1007 1008 1009 1010 1011 1012 1013 1014 1015 1016 1017 1018 1019 1020 1021 1022
1 0 1 2 7 8 9 10 63 64 65 66 71 72 73 74 127 128 129 130 135 136 137 138 191 192 193 194 199 200 201 202 307 308 309 310 315 316 317 318 371 372 373 374 379 380 381 382 435 436 437 438 443 444 445 446 499 500 501 502 507 508 509 510 511 512 513 514 519 520 521 522 575 576 577 578 583 584 585 586 639 640 641 642 647 648 649 650 703 704 705 706 711 712 713 714 819 820 821 822 827 828 829 830 883 884 885 886 891 892 893 894 947 948 949 950 955 956 957 958 1011 1012 1013 1014 1019 1020 1021 1022
1 0 1 2 3 4 5 6 63 64 65 66 67 68 69 70 127 128 129 130 131 132 133 134 191 192 193 194 195 196 197 198 255 256 257 258 259 260 261 262 319 320 321 322 323 324 325 326 383 384 385 386 387 388 389 390 447 448 449 450 451 452 453 454 511 512 513 514 515 516 517 518 575 576 577 578 579 580 581 582 639 640 641 642 643 644 645 646 703 704 705 706 707 708 709 710 767 768 769 770 771 772 773 774 831 832 833 834 835 836 837 838 895 896 897 898 899 900 901 902 959 960 961 962 963 964 965 966
