Score: 70
1 0 6 52 67 69 70 78 91 116 126 146 157 168 169 195 201 290 302 310 313 333 341 345 348 388 398 405 410 432 447 470 474 484 524 549 568 577 592 598 629 638 647 670 678 697 698 723 725 737 738 747 753 771 782 784 811 821 888 912 919 940 977 978 989 993
1 1 24 37 57 62 76 86 92 98 134 144 187 196 202 264 291 294 321 352 367 396 413 436 447 459 465 470 509 514 521 548 551 554 567 583 610 634 673 691 698 704 706 757 759 779 781 789 793 794 822 824 850 860 863 873 884 891 901 926 934 949 951 957 970 994
1 7 17 29 70 79 97 111 141 145 152 154 161 163 179 185 215 247 258 264 270 275 315 336 345 380 412 444 446 447 471 477 486 493 501 503 507 566 571 609 614 634 762 778 787 789 804 810 827 846 849 853 856 857 858 864 887 925 934 935 948 963 974 986
1 4 58 64 129 149 156 198 202 208 220 222 262 275 281 284 293 346 350 359 392 404 419 428 461 468 470 523 530 538 587 626 654 676 681 739 744 756 759 770 779 799 810 821 823 824 842 855 869 874 878 881 882 896 906 928 939 943 958 965 998
1 3 19 68 77 102 104 123 160 161 176 188 200 203 236 241 251 290 318 319 320 331 436 449 464 494 525 541 542 549 582 583 587 595 608 610 630 631 655 683 705 724 732 738 743 774 780 797 801 803 832 856 858 862 880 887 932 933 981 982 995
1 27 38 40 43 68 95 106 116 118 121 127 167 210 232 237 276 297 313 317 319 351 361 365 398 406 407 417 446 468 475 501 539 545 556 559 561 571 593 599 624 691 703 723 751 752 808 848 857 865 874 893 917 928 937 942 955 962 984
1 9 93 108 111 112 119 138 234 268 272 274 278 286 294 356 376 384 428 431 455 458 470 482 500 578 603 606 607 634 659 665 677 679 724 730 753 757 773 787 796 819 826 831 854 872 873 876 899 913 922 925 942 945 970 987
1 32 59 82 104 110 113 140 155 177 206 231 237 289 298 330 331 357 362 378 387 390 405 409 415 419 473 479 518 530 561 573 587 589 602 610 621 640 658 664 673 702 713 715 722 728 754 757 800 817 832 857 894 901 952 967 972
1 2 26 31 60 63 110 117 186 192 197 211 234 269 274 351 403 404 418 444 460 474 476 496 501 529 532 534 558 562 598 602 611 613 623 634 643 678 706 712 741 772 791 796 798 814 843 849 891 898 908 910 916 929 962
1 14 18 34 41 46 49 129 154 175 210 212 225 301 323 358 362 374 415 426 449 452 462 468 479 480 490 508 513 521 539 542 560 585 621 636 672 675 690 696 697 739 767 775 799 802 875 889 897 917 928 930 951 952 976 985
1 3 30 31 48 57 72 98 120 125 130 189 228 229 231 235 251 253 299 301 333 336 338 339 391 515 522 550 568 570 577 590 597 612 616 638 668 669 689 691 697 730 741 762 804 805 852 872 882 899 900 911 915 944 963 965 992
1 0 10 79 94 107 136 142 143 153 178 218 226 246 258 272 276 283 292 305 309 349 356 366 399 407 422 463 473 482 490 525 543 556 583 619 696 699 733 743 744 784 815 816 845 859 860 881 927 963 971 973 979
1 0 15 42 60 66 99 151 161 176 179 184 248 278 308 327 333 336 345 349 373 386 419 449 463 475 495 510 523 528 532 539 553 556 566 569 594 603 608 629 631 657 663 704 710 733 736 748 762 769 781 787 794 796 818 831 837 870 876 908 909 921 942
1 21 25 29 43 60 85 102 116 132 190 195 202 260 271 294 296 304 329 342 352 355 374 383 386 390 417 436 445 446 451 456 491 588 601 618 628 655 812 847 868 874 879 913 930 954 960 970
1 2 26 36 45 65 88 89 109 121 142 207 216 235 263 273 292 321 336 374 400 404 416 421 426 448 457 495 516 517 523 530 544 572 584 620 673 715 728 755 803 804 820 841 842 926 959 990 996
1 15 61 81 122 129 139 142 158 167 259 340 343 348 359 394 395 397 415 417 462 487 495 498 524 542 687 692 698 714 718 746 750 770 776 801 802 812 828 839 864 878 884 899 908 915 923 948 958 959 982 988 989
1 40 81 84 93 102 119 128 138 150 181 196 221 222 234 268 286 370 410 428 434 435 505 506 530 540 568 586 592 597 646 649 653 686 709 717 726 733 804 810 811 827 831 834 846 859 886 891 906 921 927 936 962
1 21 54 75 106 113 120 122 128 133 138 157 179 191 194 198 236 253 268 271 302 325 328 334 336 343 368 408 433 455 481 504 591 642 673 676 708 711 719 736 760 804 809 853 881 899 910 968 982 994
1 1 17 18 57 61 84 101 105 134 153 161 166 174 205 233 293 299 335 390 406 470 488 489 490 491 492 505 512 588 637 645 662 663 664 691 728 790 798 806 833 855 889 904 911 919 920 948
1 14 51 78 82 105 137 140 162 247 253 286 306 319 360 370 375 378 393 429 495 500 544 547 549 553 556 579 581 593 678 697 704 710 715 721 723 749 760 792 795 823 825 840 848 852 865 883 889 939 943 985 988 990
1 28 38 62 72 94 115 130 133 139 163 171 177 185 200 224 265 275 313 359 379 416 430 443 497 498 517 526 563 589 596 652 673 688 704 707 756 784 856 863 891 897 905 924 934 947 979 998
1 37 71 74 96 100 127 128 257 273 274 311 323 375 381 399 402 423 428 436 445 447 466 511 513 559 624 634 641 648 762 769 777 785 810 861 875 882 908 928 952 954 977 996
1 0 17 25 70 96 107 117 145 148 195 213 217 243 247 256 270 297 298 314 322 323 370 398 419 420 437 453 460 499 555 556 559 595 603 643 646 681 747 788 793 808 868 871 888 889 916 934 966 994
1 19 22 87 108 115 123 173 188 196 209 210 228 277 303 307 324 348 374 391 395 475 518 539 576 577 630 642 653 666 673 680 705 723 741 744 749 773 776 781 784 797 825 828 832 838 840 885 889 908 929 931 959
1 25 62 73 81 97 124 133 155 168 170 177 180 194 200 248 256 262 291 304 318 321 427 428 434 442 443 496 521 535 544 549 550 580 594 597 599 631 635 636 639 656 664 681 683 688 699 715 725 762 813 815 820 855 867 884 943 960 987 998 999
1 1 12 25 85 112 129 183 198 234 245 252 266 279 285 293 300 339 383 438 460 471 483 484 506 542 563 589 607 611 649 658 717 725 746 780 798 831 836 919 938 940 950 951 974
1 33 41 42 44 46 48 76 130 142 160 223 246 276 308 322 329 338 372 377 380 450 475 499 514 520 531 538 546 600 618 636 643 757 761 779 787 809 811 897 904 948 951 967 992
1 15 37 71 80 96 97 122 133 142 158 165 169 172 173 176 189 214 222 234 272 290 298 315 320 350 369 407 413 421 432 443 445 473 501 538 565 587 610 611 625 638 643 670 675 687 714 717 731 749 817 877 891 912 914 922 936 941 942 958 992
1 38 43 50 68 69 71 86 99 113 123 187 200 205 216 221 236 244 261 267 328 352 421 439 458 490 497 501 590 604 632 636 637 647 660 691 693 759 764 776 779 788 817 840 891 943 962 969 977 992
1 1 7 20 22 32 67 85 97 139 143 146 153 164 173 192 204 250 264 284 322 358 361 371 396 399 408 425 447 476 477 492 494 519 526 533 545 551 566 599 659 677 691 710 723 758 772 778 799 837 868 877 881 886 896 918 958
1 8 61 75 91 117 169 179 200 231 233 243 248 260 315 385 424 436 445 466 472 477 552 564 575 576 629 656 672 703 729 781 797 802 808 825 840 863 870 887 889 895 919 949
1 0 38 39 48 65 70 96 99 134 141 184 193 221 238 293 297 319 330 339 342 359 414 416 426 434 468 478 507 530 563 611 627 739 766 783 790 791 837 841 858 868 943 997
1 0 47 62 83 90 96 121 145 172 209 226 266 288 321 328 357 378 393 404 409 412 417 426 429 445 485 495 504 512 521 563 573 619 634 653 665 732 742 765 821 835 891 898 941 945 954 998
1 0 18 32 33 41 43 86 100 109 131 133 134 146 180 185 194 197 248 272 283 294 311 352 363 428 436 462 464 481 502 509 514 538 542 565 582 584 601 608 613 630 667 685 735 767 780 793 812 821 903 930 986
1 4 29 33 110 111 114 115 117 121 122 148 158 178 184 199 203 240 257 271 276 278 320 326 333 338 379 463 470 473 486 493 527 534 547 564 592 624 630 686 710 714 721 797 808 817 819 822 829 875 879 898 912 922 932 954 955 956 959 992
1 10 37 61 68 79 109 156 162 164 166 204 207 227 265 295 312 325 347 380 383 403 409 420 449 454 458 473 489 492 521 580 617 659 722 724 772 810 818 845 873 885 906 936 968 996
1 45 75 84 124 125 136 151 163 167 203 209 212 230 253 270 276 296 329 348 354 357 360 367 368 433 452 467 468 491 506 513 545 586 611 654 689 690 739 744 762 766 781 785 803 813 892 942 946 954 975
2 12 16 18 55 63 94 105 125 135 179 180 186 190 196 250 260 273 282 307 310 317 322 337 343 346 351 356 399 412 419 440 443 468 477 546 577 596 605 658 682 694 718 740 767 773 774 782 853 864 898 940 953 959 987 988 991
1 4 67 69 126 148 153 173 228 237 249 255 301 327 334 376 422 429 435 452 517 523 529 531 579 607 630 652 664 666 668 681 686 695 701 727 744 793 835 848 852 893 931 941 942
1 13 30 60 187 188 207 218 223 226 239 243 268 329 353 367 368 373 398 419 470 482 489 491 545 562 566 590 620 716 730 737 809 890 903 951 985 986 990
1 9 11 16 21 33 35 101 109 146 178 219 224 306 333 456 476 490 514 530 535 542 616 627 632 637 673 689 696 712 744 773 813 842 873 874 885 886 892 902 914 928 929 947 969
1 14 22 30 73 80 102 120 224 243 252 257 288 296 361 397 404 413 425 442 465 484 503 506 507 633 651 653 714 750 755 794 813 828 835 899 915 959 961 983 987
1 8 61 64 80 139 161 179 180 182 197 209 217 275 278 299 304 335 362 370 402 404 413 421 506 510 513 537 572 595 598 612 646 658 672 709 745 782 833 836 866 868 872 955
1 6 22 52 84 95 98 112 148 195 223 231 242 276 280 281 291 311 318 332 338 366 376 386 387 443 453 488 496 544 546 556 595 600 602 608 643 644 668 683 717 816 859 872 894 896 908 989
2 44 88 219 230 238 271 286 313 314 444 452 497 507 553 574 615 670 671 684 696 734 748 757 768 772 799 803 815 825 871 895 944 955 964 970 982
1 14 19 41 42 62 64 108 140 160 191 217 263 271 277 356 364 365 401 412 432 455 460 469 544 607 612 636 679 730 762 788 843 852 859 872 895 996
1 16 27 28 56 75 107 147 151 171 220 229 268 294 344 385 397 443 450 454 475 487 493 544 551 553 554 555 559 595 612 623 647 656 657 658 667 675 725 782 809 823 849 856 875 912 945 962 972 983 985 992
2 8 20 23 27 51 81 120 149 161 191 239 248 251 298 307 308 316 329 353 383 400 411 420 422 442 455 536 548 576 584 585 593 615 645 659 674 729 736 746 760 773 778 797 798 800 821 847 852 865 889 897 899 901 911 913 988
2 5 69 71 83 108 112 124 146 158 159 169 238 250 266 295 351 358 382 435 444 480 483 491 572 593 620 626 650 669 680 699 774 797 800 819 839 876 903 907 911 933 950 988
1 1 8 60 61 83 130 155 158 161 170 200 210 225 227 254 264 265 283 306 314 368 378 391 470 532 534 552 622 656 671 683 714 731 761 765 790 794 824 843 884 982 984
1 103 112 113 114 176 184 221 240 248 259 268 352 358 386 402 420 433 443 461 538 546 549 603 628 709 715 720 757 773 819 857 859 860 867 901 903 906 911 925 927 956 967 993 999
1 2 9 16 32 44 59 93 207 231 232 233 265 266 286 295 338 348 393 404 405 471 538 564 589 599 601 611 615 645 653 683 721 722 784 786 787 793 832 833 861 874 958 969 980
1 15 18 19 22 36 38 42 68 107 124 154 203 204 253 275 312 336 338 349 360 405 409 413 444 455 473 475 522 564 645 665 691 703 710 766 771 788 793 828 841 851 854 871 880 920 934 935 973
1 77 87 105 126 138 139 145 173 188 222 233 238 257 267 276 278 301 317 326 376 389 420 429 431 507 528 540 553 567 578 601 644 677 679 680 708 719 733 775 790 810 819 828 875 925 933 935 951 992 994 999
3 2 14 46 53 56 60 68 72 149 155 161 162 170 205 248 266 286 287 315 341 350 407 435 471 474 545 599 608 616 617 640 665 678 704 715 733 807 847 855 858 863 872 896 942 966
1 0 8 30 60 104 107 126 133 148 149 160 164 174 199 227 232 243 245 289 306 323 324 338 413 444 446 454 456 460 515 534 597 601 606 614 661 679 701 735 789 805 825 842 892 898 942 944 947 957 968 970 979
2 52 57 61 92 97 102 104 107 115 162 172 208 212 225 236 240 255 286 306 336 347 350 372 429 432 440 461 532 539 547 557 570 592 599 606 628 633 645 660 665 674 681 727 732 741 745 749 809 817 844 854 885 908 938 978 993
2 38 54 78 102 105 139 162 211 233 251 265 267 285 303 319 333 373 393 433 441 442 481 498 529 574 582 587 589 596 626 667 688 692 716 722 736 769 777 782 783 792 798 828 829 830 832 837 845 871 897 915 929 931 942
2 16 29 36 46 54 63 65 71 89 108 211 261 268 293 299 338 344 345 364 428 440 468 470 479 494 534 539 544 594 597 664 666 668 699 700 714 715 737 803 832 868 876 930 934 957 964 965 975
2 34 35 40 44 48 49 80 176 191 203 208 209 219 222 227 264 269 280 282 302 314 339 342 413 464 472 494 544 551 555 594 603 618 657 698 717 739 744 750 763 771 780 785 820 840 855 873 912 941 968
