Score: 30
1 5 17 18 26 49 51 56 62 63 66 80 88 91 99 101 119 136 148 150 153 154 167 174 175 180 195 198 203 209 212 217 224 227 266 283 301 311 313 315 316 317 330 333 340 346 348 351 353 358 362 376 383 395 415 416 443 445 448 458 464 478 493 494 496
1 5 8 31 34 50 52 55 59 67 75 78 80 96 97 100 104 118 130 131 142 145 158 170 184 186 193 198 207 223 229 232 234 242 253 255 271 272 273 296 301 308 323 330 334 340 353 366 395 399 418 428 451 457 466 471 475 486 491
1 6 12 13 24 27 31 55 63 67 72 77 78 83 84 85 91 104 115 125 129 137 146 149 160 162 164 169 171 181 183 219 231 235 257 261 262 270 274 288 305 310 318 322 323 325 329 332 343 346 356 369 378 400 425 433 441 457 485
1 10 34 38 39 57 59 63 68 70 71 89 100 103 107 112 117 119 148 163 174 177 183 189 194 202 208 209 211 229 234 235 240 251 255 268 282 286 287 311 313 321 322 344 356 360 363 391 393 395 411 421 429 458 462 468 488 491
1 15 23 29 36 39 42 44 54 71 74 76 78 86 88 92 102 127 148 156 157 169 172 186 193 225 231 236 259 263 265 267 291 292 313 317 322 326 329 332 350 351 353 361 363 373 374 395 405 409 427 441 443 475 476 489
1 13 24 33 34 50 63 70 76 85 90 101 102 104 111 114 131 133 146 148 166 168 172 177 202 206 208 229 238 248 249 252 254 274 275 276 278 300 303 339 379 385 392 407 419 420 426 434 439 444 456 466 469 490 494 495
1 1 8 16 20 24 25 42 52 54 64 68 79 82 83 98 108 112 117 122 126 128 136 149 154 157 211 214 218 222 246 247 249 250 271 280 286 294 313 319 323 334 346 355 369 397 407 420 428 436 448 450 475 476 477 494
1 17 27 29 52 70 94 102 104 122 138 141 142 162 194 203 208 221 226 242 254 258 261 265 266 271 274 278 287 291 297 303 326 328 336 338 349 353 356 369 373 381 388 394 395 398 403 409 411 414 415 417 428 430 444 456
1 23 32 51 56 62 65 72 76 87 99 106 110 125 137 142 153 164 169 170 202 207 214 247 252 260 267 269 271 282 286 287 302 304 310 328 351 352 353 361 364 366 375 382 384 385 414 420 444 449 453 460 472 480 482 487
1 22 26 37 47 50 55 82 93 97 105 117 121 122 139 141 148 150 164 168 199 203 211 226 227 233 235 265 271 278 284 287 302 306 307 308 313 317 321 329 364 365 368 370 414 455 462 479 482 484 488 492 495 496
1 0 15 22 27 30 33 34 39 45 46 58 66 70 83 95 98 102 104 106 128 131 141 151 165 180 191 203 222 226 230 246 264 273 276 278 279 290 298 343 345 347 348 354 369 395 401 403 404 437 438 457 479 480
1 8 13 22 25 36 43 68 79 103 120 123 128 166 176 178 192 198 199 206 208 217 219 221 229 232 250 261 270 287 303 305 336 338 350 367 379 382 389 394 402 404 407 409 417 428 436 444 447 449 455 473 475
1 36 40 46 52 56 59 68 69 80 94 100 110 111 116 123 139 141 148 169 178 181 203 228 230 231 241 245 257 260 283 299 309 337 347 354 360 362 380 413 416 419 421 423 428 436 438 439 452 463 474 491 499
1 3 12 24 30 36 38 55 59 81 96 98 99 108 122 149 160 163 165 172 188 197 204 207 209 215 224 229 234 245 285 289 318 327 328 330 341 357 371 374 382 388 402 424 436 449 455 461 464 471 492 497
1 0 7 9 13 18 28 59 67 82 83 90 117 138 157 164 172 176 181 183 200 204 207 211 220 242 243 249 253 261 262 267 273 287 320 328 347 373 404 409 411 423 426 428 440 446 449 459 464 469 478 488
1 3 10 30 50 69 92 100 105 125 126 133 146 150 159 166 190 210 218 221 229 231 239 244 249 255 272 280 284 302 304 310 353 354 361 368 371 385 396 399 411 413 421 424 430 432 439 460 475 481 497
1 2 4 11 27 34 36 50 67 74 102 111 121 138 147 161 166 176 182 191 196 200 206 216 220 225 245 249 265 268 290 291 304 307 308 326 353 358 386 402 410 420 426 430 437 438 456 458 465 487 498
1 15 45 47 49 52 58 62 67 106 111 120 127 134 171 173 175 178 198 203 211 216 234 242 246 264 266 272 273 302 311 324 328 329 340 347 360 367 370 374 389 393 408 412 441 442 443 457 475 488
1 0 2 9 19 34 57 80 83 85 90 92 113 115 122 123 125 133 154 157 170 179 182 188 193 200 202 227 228 231 232 256 257 270 297 313 337 349 360 372 374 385 390 413 428 432 435 477 480
1 4 7 9 25 35 50 53 59 72 101 118 142 157 160 168 169 173 179 192 197 200 205 219 220 237 249 259 269 285 291 293 295 308 314 341 349 390 423 441 466 476 483 495 498
1 2 3 4 7 19 28 34 42 44 45 51 76 98 100 111 113 124 144 166 175 178 199 209 223 241 250 251 276 283 288 293 305 307 321 351 358 381 388 413 417 443 447 451
1 14 44 48 49 56 62 74 101 109 111 129 155 165 166 200 201 202 206 217 224 240 245 275 288 293 296 306 313 328 330 335 346 358 367 379 387 447 453 454 458 476 496
1 38 45 48 49 58 60 61 66 73 88 95 108 135 146 155 169 171 193 210 218 222 225 240 264 268 272 277 285 300 312 327 339 378 418 437 451 458 466 474 476
2 1 3 9 18 21 29 30 60 75 76 83 84 99 106 113 115 123 126 131 132 150 152 156 159 163 164 175 178 183 187 208 211 215 216 221 239 247 249 256 265 275 278 281 282 283 290 293 313 322 323 331 346 377 383 386 388 393 401 405 406 412 418 422 424 445 446 452 463 470 490 499
2 17 18 20 23 24 25 26 30 52 54 77 90 101 113 126 143 145 146 155 190 212 226 241 253 256 257 279 284 292 299 300 316 325 328 329 341 344 356 359 360 405 409 420 431 432 449 457 469 472 489
3 21 30 41 47 49 52 69 70 87 101 106 108 128 140 153 155 164 177 185 193 195 200 208 213 221 224 225 232 254 273 274 278 283 296 324 332 342 346 348 358 373 377 394 408 410 437 444 467 495 498
