Score: 64
1 0 6 52 67 69 70 78 91 116 126 146 157 168 169 195 201 290 302 310 313 333 341 345 348 388 398 405 410 432 447 470 474 484 524 549 568 577 592 598 629 638 647 670 678 697 698 723 725 737 738 747 753 771 782 784 811 821 888 912 919 940 977 978 989 993
1 7 17 29 70 79 97 111 141 145 152 154 161 163 179 185 215 247 258 264 270 275 315 336 345 380 412 444 446 447 471 477 486 493 501 503 507 566 571 609 614 634 762 778 787 789 804 810 827 846 849 853 856 857 858 864 887 925 934 935 948 963 974 986
1 0 15 42 60 66 99 151 161 176 179 184 248 278 308 327 333 336 345 349 373 386 419 449 463 475 495 510 523 528 532 539 553 556 566 569 594 603 608 629 631 657 663 704 710 733 736 748 762 769 781 787 794 796 818 831 837 870 876 908 909 921 942
1 25 62 73 81 97 124 133 155 168 170 177 180 194 200 248 256 262 291 304 318 321 427 428 434 442 443 496 521 535 544 549 550 580 594 597 599 631 635 636 639 656 664 681 683 688 699 715 725 762 813 815 820 855 867 884 943 960 987 998 999
1 3 19 68 77 102 104 123 160 161 176 188 200 203 236 241 251 290 318 319 320 331 436 449 464 494 525 541 542 549 582 583 587 595 608 610 630 631 655 683 705 724 732 738 743 774 780 797 801 803 832 856 858 862 880 887 932 933 981 982 995
1 17 25 27 32 37 58 92 107 124 130 132 155 175 186 188 194 215 244 255 296 310 357 358 378 418 423 439 450 455 468 474 494 496 499 519 552 567 592 660 664 673 687 689 701 719 747 753 792 800 804 840 854 857 871 910 925 934 971 980
1 4 29 33 110 111 114 115 117 121 122 148 158 178 184 199 203 240 257 271 276 278 320 326 333 338 379 463 470 473 486 493 527 534 547 564 592 624 630 686 710 714 721 797 808 817 819 822 829 875 879 898 912 922 932 954 955 956 959 992
1 27 38 40 43 68 95 106 116 118 121 127 167 210 232 237 276 297 313 317 319 351 361 365 398 406 407 417 446 468 475 501 539 545 556 559 561 571 593 599 624 691 703 723 751 752 808 848 857 865 874 893 917 928 937 942 955 962 984
1 3 30 31 48 57 72 98 120 125 130 189 228 229 231 235 251 253 299 301 333 336 338 339 391 515 522 550 568 570 577 590 597 612 616 638 668 669 689 691 697 730 741 762 804 805 852 872 882 899 900 911 915 944 963 965 992
1 1 7 20 22 32 67 85 97 139 143 146 153 164 173 192 204 250 264 284 322 358 361 371 396 399 408 425 447 476 477 492 494 519 526 533 545 551 566 599 659 677 691 710 723 758 772 778 799 837 868 877 881 886 896 918 958
1 32 59 82 104 110 113 140 155 177 206 231 237 289 298 330 331 357 362 378 387 390 405 409 415 419 473 479 518 530 561 573 587 589 602 610 621 640 658 664 673 702 713 715 722 728 754 757 800 817 832 857 894 901 952 967 972
1 18 37 51 66 100 112 139 140 165 193 240 249 311 381 385 398 404 414 427 455 476 492 563 578 582 616 632 634 636 648 652 681 686 688 690 691 710 743 770 774 813 832 833 842 868 875 893 894 910 916 942 949 960 962 977 996
1 15 19 24 30 51 63 101 187 210 228 261 265 283 300 302 305 333 337 366 367 370 388 400 406 414 420 467 489 509 522 529 531 534 573 585 592 605 612 677 687 691 741 768 771 789 856 885 926 930 934 954 973 977 988
1 14 51 78 82 105 137 140 162 247 253 286 306 319 360 370 375 378 393 429 495 500 544 547 549 553 556 579 581 593 678 697 704 710 715 721 723 749 760 792 795 823 825 840 848 852 865 883 889 939 943 985 988 990
1 15 61 81 122 129 139 142 158 167 259 340 343 348 359 394 395 397 415 417 462 487 495 498 524 542 687 692 698 714 718 746 750 770 776 801 802 812 828 839 864 878 884 899 908 915 923 948 958 959 982 988 989
1 40 81 84 93 102 119 128 138 150 181 196 221 222 234 268 286 370 410 428 434 435 505 506 530 540 568 586 592 597 646 649 653 686 709 717 726 733 804 810 811 827 831 834 846 859 886 891 906 921 927 936 962
1 0 10 79 94 107 136 142 143 153 178 218 226 246 258 272 276 283 292 305 309 349 356 366 399 407 422 463 473 482 490 525 543 556 583 619 696 699 733 743 744 784 815 816 845 859 860 881 927 963 971 973 979
1 4 74 82 86 93 116 138 200 226 238 244 256 285 299 325 393 402 403 411 418 437 476 510 514 525 530 534 538 548 562 570 583 620 642 669 697 706 710 712 726 743 802 822 854 857 869 930 931 936 939 947 962
1 0 8 30 60 104 107 126 133 148 149 160 164 174 199 227 232 243 245 289 306 323 324 338 413 444 446 454 456 460 515 534 597 601 606 614 661 679 701 735 789 805 825 842 892 898 942 944 947 957 968 970 979
1 91 100 106 110 115 119 120 148 156 174 196 198 224 227 238 275 336 382 433 465 469 505 525 531 541 555 563 571 585 586 598 607 624 627 630 638 665 701 722 728 753 764 780 864 866 894 900 903 915 926 974 993
1 10 32 37 85 88 109 127 188 204 220 252 271 283 294 339 345 346 364 384 387 414 425 486 491 504 509 566 580 587 592 643 651 671 673 699 705 754 767 831 846 859 869 874 877 890 907 922 927 971 987 995 996
1 38 63 72 90 97 102 137 141 142 144 187 223 243 301 391 397 406 426 429 446 471 487 491 524 552 569 570 571 616 641 679 691 708 716 729 760 837 841 847 851 872 884 917 921 945 948 955 970 988 990 993
1 37 69 74 108 112 122 163 195 222 246 258 266 306 307 324 342 346 367 378 402 431 466 480 489 525 534 550 573 577 619 637 662 676 682 690 701 707 708 744 779 780 867 869 880 907 914 934 947 969 982
1 45 75 84 124 125 136 151 163 167 203 209 212 230 253 270 276 296 329 348 354 357 360 367 368 433 452 467 468 491 506 513 545 586 611 654 689 690 739 744 762 766 781 785 803 813 892 942 946 954 975
1 38 43 50 68 69 71 86 99 113 123 187 200 205 216 221 236 244 261 267 328 352 421 439 458 490 497 501 590 604 632 636 637 647 660 691 693 759 764 776 779 788 817 840 891 943 962 969 977 992
1 1 10 28 31 39 98 114 174 183 189 213 235 240 263 269 324 351 380 388 483 508 536 586 605 625 629 665 694 726 761 791 825 840 852 864 872 884 887 896 899 920 927 930 942 969 971 973 994
1 44 47 56 66 69 94 96 126 147 196 198 205 219 229 231 310 313 333 355 357 371 375 395 437 449 485 493 523 526 538 613 620 675 691 695 721 728 750 779 806 822 850 873 877 893 962 977 985
1 2 26 36 45 65 88 89 109 121 142 207 216 235 263 273 292 321 336 374 400 404 416 421 426 448 457 495 516 517 523 530 544 572 584 620 673 715 728 755 803 804 820 841 842 926 959 990 996
1 10 37 61 68 79 109 156 162 164 166 204 207 227 265 295 312 325 347 380 383 403 409 420 449 454 458 473 489 492 521 580 617 659 722 724 772 810 818 845 873 885 906 936 968 996
1 6 12 51 57 75 77 86 150 157 161 181 187 274 277 289 291 316 353 362 391 396 397 418 431 461 489 558 563 587 613 653 683 703 728 735 752 806 833 858 909 910 926 939 942 958
1 2 9 16 32 44 59 93 207 231 232 233 265 266 286 295 338 348 393 404 405 471 538 564 589 599 601 611 615 645 653 683 721 722 784 786 787 793 832 833 861 874 958 969 980
1 11 13 18 44 77 98 129 174 204 216 236 266 277 279 293 298 321 405 436 439 445 512 517 557 559 607 616 624 666 695 713 740 745 754 780 827 853 885 923 924 925 955 959 984
1 9 61 76 114 115 138 140 151 162 169 171 192 306 315 339 351 353 436 475 505 516 520 534 544 550 559 601 614 620 671 697 699 775 778 780 800 818 835 836 860 955 972 979 981
1 33 41 42 44 46 48 76 130 142 160 223 246 276 308 322 329 338 372 377 380 450 475 499 514 520 531 538 546 600 618 636 643 757 761 779 787 809 811 897 904 948 951 967 992
1 8 61 75 91 117 169 179 200 231 233 243 248 260 315 385 424 436 445 466 472 477 552 564 575 576 629 656 672 703 729 781 797 802 808 825 840 863 870 887 889 895 919 949
1 1 26 43 74 77 98 117 137 153 180 186 202 226 238 242 281 309 325 332 351 376 392 393 413 470 490 494 545 567 680 721 833 842 857 872 889 905 919 949 953 961 979 986
1 8 61 64 80 139 161 179 180 182 197 209 217 275 278 299 304 335 362 370 402 404 413 421 506 510 513 537 572 595 598 612 646 658 672 709 745 782 833 836 866 868 872 955
1 1 8 60 61 83 130 155 158 161 170 200 210 225 227 254 264 265 283 306 314 368 378 391 470 532 534 552 622 656 671 683 714 731 761 765 790 794 824 843 884 982 984
1 6 12 18 21 48 53 117 134 152 155 248 260 273 322 402 438 447 459 498 514 547 565 590 596 605 705 715 738 745 778 799 802 823 832 840 850 864 909 915 948
1 2 19 27 32 39 66 83 130 158 159 187 188 202 205 246 261 329 330 334 395 409 418 447 465 492 538 576 593 623 629 659 743 758 760 791 799 805 874 891 991
1 68 85 92 120 166 170 190 213 234 249 288 291 329 332 401 433 457 462 492 515 548 558 669 688 721 732 743 746 749 756 806 811 814 827 838 952 994 997
2 17 41 51 77 86 114 116 134 137 153 182 197 214 225 228 243 255 267 282 314 319 327 331 360 385 389 397 426 427 448 451 456 468 471 498 502 503 509 511 515 518 531 547 552 556 581 588 607 612 616 628 638 649 661 667 682 746 750 758 771 796 808 840 845 860 887 919 956
2 15 29 31 40 49 60 63 135 141 162 183 199 228 237 254 271 291 297 301 303 352 354 361 365 373 376 378 385 406 415 421 429 449 470 471 474 491 499 546 572 608 626 685 697 701 720 724 765 772 782 784 850 857 902 903 919 929 945 957
2 0 2 3 23 28 55 70 80 83 87 88 93 108 121 129 161 162 192 262 274 297 340 342 361 363 369 385 404 407 427 439 455 456 473 478 506 548 558 563 644 645 652 714 724 743 746 769 791 820 840 870 891 922 926 942 954 979 983
2 52 57 61 92 97 102 104 107 115 162 172 208 212 225 236 240 255 286 306 336 347 350 372 429 432 440 461 532 539 547 557 570 592 599 606 628 633 645 660 665 674 681 727 732 741 745 749 809 817 844 854 885 908 938 978 993
2 38 54 78 102 105 139 162 211 233 251 265 267 285 303 319 333 373 393 433 441 442 481 498 529 574 582 587 589 596 626 667 688 692 716 722 736 769 777 782 783 792 798 828 829 830 832 837 845 871 897 915 929 931 942
2 34 35 40 44 48 49 80 176 191 203 208 209 219 222 227 264 269 280 282 302 314 339 342 413 464 472 494 544 551 555 594 603 618 657 698 717 739 744 750 763 771 780 785 820 840 855 873 912 941 968
2 12 21 69 71 72 103 114 131 133 140 149 153 166 192 214 239 249 257 270 281 311 338 348 366 373 443 453 462 469 484 506 517 526 535 620 675 739 752 769 819 839 876 899 929 940 946 957 959 976
2 57 81 101 102 109 116 153 180 200 203 233 236 237 244 287 336 352 460 461 484 487 488 491 498 503 506 518 529 531 562 566 637 648 664 711 742 767 778 783 791 806 843 848 870 896 903 928 966 986
2 2 3 70 85 120 161 173 181 184 185 212 245 251 295 321 325 344 357 370 404 406 416 422 430 506 525 554 568 571 575 591 603 637 659 663 665 705 711 752 773 807 814 848 855 871 878 913 915
2 44 88 219 230 238 271 286 313 314 444 452 497 507 553 574 615 670 671 684 696 734 748 757 768 772 799 803 815 825 871 895 944 955 964 970 982
3 5 13 16 33 44 56 63 65 66 79 88 96 111 113 154 155 163 178 187 205 212 213 214 219 237 306 323 334 394 421 423 437 448 498 499 528 542 560 640 650 652 655 679 700 709 715 726 733 769 800 813 823 826 835 866 888 891 901 912 923 935 948 950 953 970 972
