Score: 28
1 1 3 5 7 9 11 13 15 17 19 21 23 25 27 29 31 33 35 37 39 41 43 45 47 49 51 53 55 57 59 61 63 65 67 69 71 73 75 77 79 81 83 85 87 89 91 93 95 97 99 101 103 105 107 109 111 113 115 117 119 121 123 125 127 129 131 133 135 137 139 141 143 145 147 149 151 153 155 157 159 161 163 165 167 169 171 173 175 177 179 181 183 185 187 189 191 193 195 197 199 201 203 205 207 209 211 213 215 217 219 221 223 225 227 229 231 233 235 237 239 241 243 245 247 249 251 253
1 0 1 2 7 8 9 10 15 16 17 18 23 24 25 26 63 64 65 66 71 72 73 74 79 80 81 82 87 88 89 90 127 128 129 130 135 136 137 138 143 144 145 146 151 152 153 154 191 192 193 194 199 200 201 202 207 208 209 210 215 216 217 218 255 256 257 258 263 264 265 266 271 272 273 274 279 280 281 282 319 320 321 322 327 328 329 330 335 336 337 338 343 344 345 346 383 384 385 386 391 392 393 394 399 400 401 402 407 408 409 410 447 448 449 450 455 456 457 458 463 464 465 466 471 472 473 474
1 0 1 2 3 4 5 6 7 8 9 10 11 12 13 14 15 16 17 18 19 20 21 22 23 24 25 26 27 28 29 30 63 64 65 66 67 68 69 70 71 72 73 74 75 76 77 78 79 80 81 82 83 84 85 86 87 88 89 90 91 92 93 94 511 512 513 514 515 516 517 518 519 520 521 522 523 524 525 526 527 528 529 530 531 532 533 534 535 536 537 538 539 540 541 542 575 576 577 578 579 580 581 582 583 584 585 586 587 588 589 590 591 592 593 594 595 596 597 598 599 600 601 602 603 604 605 606
1 0 1 2 3 4 5 6 7 8 9 10 11 12 13 14 31 32 33 34 35 36 37 38 39 40 41 42 43 44 45 46 63 64 65 66 67 68 69 70 71 72 73 74 75 76 77 78 95 96 97 98 99 100 101 102 103 104 105 106 107 108 109 110 511 512 513 514 515 516 517 518 519 520 521 522 523 524 525 526 543 544 545 546 547 548 549 550 551 552 553 554 555 556 557 558 575 576 577 578 579 580 581 582 583 584 585 586 587 588 589 590 607 608 609 610 611 612 613 614 615 616 617 618 619 620 621 622
1 1 7 9 15 17 23 25 31 33 39 41 47 49 55 57 63 65 71 73 79 81 87 89 95 97 103 105 111 113 119 121 255 257 263 265 271 273 279 281 287 289 295 297 303 305 311 313 319 321 327 329 335 337 343 345 351 353 359 361 367 369 375 377 511 513 519 521 527 529 535 537 543 545 551 553 559 561 567 569 575 577 583 585 591 593 599 601 607 609 615 617 623 625 631 633 767 769 775 777 783 785 791 793 799 801 807 809 815 817 823 825 831 833 839 841 847 849 855 857 863 865 871 873 879 881 887 889
1 0 1 2 3 4 5 6 7 8 9 10 11 12 13 14 127 128 129 130 131 132 133 134 135 136 137 138 139 140 141 142 255 256 257 258 259 260 261 262 263 264 265 266 267 268 269 270 383 384 385 386 387 388 389 390 391 392 393 394 395 396 397 398 511 512 513 514 515 516 517 518 519 520 521 522 523 524 525 526 639 640 641 642 643 644 645 646 647 648 649 650 651 652 653 654 767 768 769 770 771 772 773 774 775 776 777 778 779 780 781 782 895 896 897 898 899 900 901 902 903 904 905 906 907 908 909 910
1 1 3 5 7 9 11 13 15 17 19 21 23 25 27 29 127 129 131 133 135 137 139 141 143 145 147 149 151 153 155 157 255 257 259 261 263 265 267 269 271 273 275 277 279 281 283 285 383 385 387 389 391 393 395 397 399 401 403 405 407 409 411 413 511 513 515 517 519 521 523 525 527 529 531 533 535 537 539 541 639 641 643 645 647 649 651 653 655 657 659 661 663 665 667 669 767 769 771 773 775 777 779 781 783 785 787 789 791 793 795 797 895 897 899 901 903 905 907 909 911 913 915 917 919 921 923 925
1 1 3 5 7 9 11 13 31 33 35 37 39 41 43 45 127 129 131 133 135 137 139 141 159 161 163 165 167 169 171 173 255 257 259 261 263 265 267 269 287 289 291 293 295 297 299 301 383 385 387 389 391 393 395 397 415 417 419 421 423 425 427 429 511 513 515 517 519 521 523 525 543 545 547 549 551 553 555 557 639 641 643 645 647 649 651 653 671 673 675 677 679 681 683 685 767 769 771 773 775 777 779 781 799 801 803 805 807 809 811 813 895 897 899 901 903 905 907 909 927 929 931 933 935 937 939 941
1 1 3 5 7 9 11 13 63 65 67 69 71 73 75 77 127 129 131 133 135 137 139 141 191 193 195 197 199 201 203 205 255 257 259 261 263 265 267 269 319 321 323 325 327 329 331 333 383 385 387 389 391 393 395 397 447 449 451 453 455 457 459 461 511 513 515 517 519 521 523 525 575 577 579 581 583 585 587 589 639 641 643 645 647 649 651 653 703 705 707 709 711 713 715 717 767 769 771 773 775 777 779 781 831 833 835 837 839 841 843 845 895 897 899 901 903 905 907 909 959 961 963 965 967 969 971 973
1 3 15 19 31 35 47 51 63 67 79 83 95 99 111 115 127 131 143 147 159 163 175 179 191 195 207 211 223 227 239 243 255 259 271 275 287 291 303 307 319 323 335 339 351 355 367 371 383 387 399 403 415 419 431 435 447 451 463 467 479 483 495 499 511 515 527 531 543 547 559 563 575 579 591 595 607 611 623 627 639 643 655 659 671 675 687 691 703 707 719 723 735 739 751 755 767 771 783 787 799 803 815 819 831 835 847 851 863 867 879 883 895 899 911 915 927 931 943 947 959 963 975 979 991 995 1007 1011
1 1 3 5 7 9 11 13 15 17 19 21 23 25 27 29 31 33 35 37 39 41 43 45 47 49 51 53 55 57 59 61 127 129 131 133 135 137 139 141 143 145 147 149 151 153 155 157 159 161 163 165 167 169 171 173 175 177 179 181 183 185 187 189 832 834 836 838 840 842 844 846 848 850 852 854 856 858 860 862 864 866 868 870 872 874 876 878 880 882 884 886 888 890 892 894 960 962 964 966 968 970 972 974 976 978 980 982 984 986 988 990 992 994 996 998 1000 1002 1004 1006 1008 1010 1012 1014 1016 1018 1020 1022
1 1 3 5 7 9 11 13 15 17 19 21 23 25 27 29 63 65 67 69 71 73 75 77 79 81 83 85 87 89 91 93 127 129 131 133 135 137 139 141 143 145 147 149 151 153 155 157 191 193 195 197 199 201 203 205 207 209 211 213 215 217 219 221 800 802 804 806 808 810 812 814 816 818 820 822 824 826 828 830 864 866 868 870 872 874 876 878 880 882 884 886 888 890 892 894 928 930 932 934 936 938 940 942 944 946 948 950 952 954 956 958 992 994 996 998 1000 1002 1004 1006 1008 1010 1012 1014 1016 1018 1020 1022
1 1 3 5 7 9 11 13 31 33 35 37 39 41 43 45 63 65 67 69 71 73 75 77 95 97 99 101 103 105 107 109 127 129 131 133 135 137 139 141 159 161 163 165 167 169 171 173 191 193 195 197 199 201 203 205 223 225 227 229 231 233 235 237 784 786 788 790 792 794 796 798 816 818 820 822 824 826 828 830 848 850 852 854 856 858 860 862 880 882 884 886 888 890 892 894 912 914 916 918 920 922 924 926 944 946 948 950 952 954 956 958 976 978 980 982 984 986 988 990 1008 1010 1012 1014 1016 1018 1020 1022
1 0 1 2 3 4 5 6 15 16 17 18 19 20 21 22 31 32 33 34 35 36 37 38 47 48 49 50 51 52 53 54 255 256 257 258 259 260 261 262 271 272 273 274 275 276 277 278 287 288 289 290 291 292 293 294 303 304 305 306 307 308 309 310 711 712 713 714 715 716 717 718 727 728 729 730 731 732 733 734 743 744 745 746 747 748 749 750 759 760 761 762 763 764 765 766 967 968 969 970 971 972 973 974 983 984 985 986 987 988 989 990 999 1000 1001 1002 1003 1004 1005 1006 1015 1016 1017 1018 1019 1020 1021 1022
1 0 3 4 7 8 11 12 15 16 19 20 23 24 27 28 31 32 35 36 39 40 43 44 47 48 51 52 55 56 59 60 255 256 259 260 263 264 267 268 271 272 275 276 279 280 283 284 287 288 291 292 295 296 299 300 303 304 307 308 311 312 315 316 705 706 709 710 713 714 717 718 721 722 725 726 729 730 733 734 737 738 741 742 745 746 749 750 753 754 757 758 761 762 765 766 961 962 965 966 969 970 973 974 977 978 981 982 985 986 989 990 993 994 997 998 1001 1002 1005 1006 1009 1010 1013 1014 1017 1018 1021 1022
1 0 3 4 15 16 19 20 31 32 35 36 47 48 51 52 63 64 67 68 79 80 83 84 95 96 99 100 111 112 115 116 255 256 259 260 271 272 275 276 287 288 291 292 303 304 307 308 319 320 323 324 335 336 339 340 351 352 355 356 367 368 371 372 649 650 653 654 665 666 669 670 681 682 685 686 697 698 701 702 713 714 717 718 729 730 733 734 745 746 749 750 761 762 765 766 905 906 909 910 921 922 925 926 937 938 941 942 953 954 957 958 969 970 973 974 985 986 989 990 1001 1002 1005 1006 1017 1018 1021 1022
1 0 1 2 31 32 33 34 63 64 65 66 95 96 97 98 127 128 129 130 159 160 161 162 191 192 193 194 223 224 225 226 255 256 257 258 287 288 289 290 319 320 321 322 351 352 353 354 383 384 385 386 415 416 417 418 447 448 449 450 479 480 481 482 539 540 541 542 571 572 573 574 603 604 605 606 635 636 637 638 667 668 669 670 699 700 701 702 731 732 733 734 763 764 765 766 795 796 797 798 827 828 829 830 859 860 861 862 891 892 893 894 923 924 925 926 955 956 957 958 987 988 989 990 1019 1020 1021 1022
1 0 7 8 31 32 39 40 63 64 71 72 95 96 103 104 127 128 135 136 159 160 167 168 191 192 199 200 223 224 231 232 255 256 263 264 287 288 295 296 319 320 327 328 351 352 359 360 383 384 391 392 415 416 423 424 447 448 455 456 479 480 487 488 533 534 541 542 565 566 573 574 597 598 605 606 629 630 637 638 661 662 669 670 693 694 701 702 725 726 733 734 757 758 765 766 789 790 797 798 821 822 829 830 853 854 861 862 885 886 893 894 917 918 925 926 949 950 957 958 981 982 989 990 1013 1014 1021 1022
1 0 1 2 3 4 5 6 15 16 17 18 19 20 21 22 31 32 33 34 35 36 37 38 47 48 49 50 51 52 53 54 455 456 457 458 459 460 461 462 471 472 473 474 475 476 477 478 487 488 489 490 491 492 493 494 503 504 505 506 507 508 509 510 511 512 513 514 515 516 517 518 527 528 529 530 531 532 533 534 543 544 545 546 547 548 549 550 559 560 561 562 563 564 565 566 967 968 969 970 971 972 973 974 983 984 985 986 987 988 989 990 999 1000 1001 1002 1003 1004 1005 1006 1015 1016 1017 1018 1019 1020 1021 1022
1 0 1 2 3 4 5 6 7 8 9 10 11 12 13 14 63 64 65 66 67 68 69 70 71 72 73 74 75 76 77 78 431 432 433 434 435 436 437 438 439 440 441 442 443 444 445 446 495 496 497 498 499 500 501 502 503 504 505 506 507 508 509 510 511 512 513 514 515 516 517 518 519 520 521 522 523 524 525 526 575 576 577 578 579 580 581 582 583 584 585 586 587 588 589 590 943 944 945 946 947 948 949 950 951 952 953 954 955 956 957 958 1007 1008 1009 1010 1011 1012 1013 1014 1015 1016 1017 1018 1019 1020 1021 1022
1 0 1 2 15 16 17 18 31 32 33 34 47 48 49 50 127 128 129 130 143 144 145 146 159 160 161 162 175 176 177 178 331 332 333 334 347 348 349 350 363 364 365 366 379 380 381 382 459 460 461 462 475 476 477 478 491 492 493 494 507 508 509 510 511 512 513 514 527 528 529 530 543 544 545 546 559 560 561 562 639 640 641 642 655 656 657 658 671 672 673 674 687 688 689 690 843 844 845 846 859 860 861 862 875 876 877 878 891 892 893 894 971 972 973 974 987 988 989 990 1003 1004 1005 1006 1019 1020 1021 1022
1 0 7 8 15 16 23 24 31 32 39 40 47 48 55 56 127 128 135 136 143 144 151 152 159 160 167 168 175 176 183 184 325 326 333 334 341 342 349 350 357 358 365 366 373 374 381 382 453 454 461 462 469 470 477 478 485 486 493 494 501 502 509 510 511 512 519 520 527 528 535 536 543 544 551 552 559 560 567 568 639 640 647 648 655 656 663 664 671 672 679 680 687 688 695 696 837 838 845 846 853 854 861 862 869 870 877 878 885 886 893 894 965 966 973 974 981 982 989 990 997 998 1005 1006 1013 1014 1021 1022
1 0 15 16 31 32 47 48 63 64 79 80 95 96 111 112 127 128 143 144 159 160 175 176 191 192 207 208 223 224 239 240 269 270 285 286 301 302 317 318 333 334 349 350 365 366 381 382 397 398 413 414 429 430 445 446 461 462 477 478 493 494 509 510 511 512 527 528 543 544 559 560 575 576 591 592 607 608 623 624 639 640 655 656 671 672 687 688 703 704 719 720 735 736 751 752 781 782 797 798 813 814 829 830 845 846 861 862 877 878 893 894 909 910 925 926 941 942 957 958 973 974 989 990 1005 1006 1021 1022
1 1 7 9 15 17 23 25 31 33 39 41 47 49 55 57 196 198 204 206 212 214 220 222 228 230 236 238 244 246 252 254 255 257 263 265 271 273 279 281 287 289 295 297 303 305 311 313 452 454 460 462 468 470 476 478 484 486 492 494 500 502 508 510 511 513 519 521 527 529 535 537 543 545 551 553 559 561 567 569 708 710 716 718 724 726 732 734 740 742 748 750 756 758 764 766 767 769 775 777 783 785 791 793 799 801 807 809 815 817 823 825 964 966 972 974 980 982 988 990 996 998 1004 1006 1012 1014 1020 1022
1 1 7 9 15 17 23 25 63 65 71 73 79 81 87 89 164 166 172 174 180 182 188 190 228 230 236 238 244 246 252 254 255 257 263 265 271 273 279 281 319 321 327 329 335 337 343 345 420 422 428 430 436 438 444 446 484 486 492 494 500 502 508 510 511 513 519 521 527 529 535 537 575 577 583 585 591 593 599 601 676 678 684 686 692 694 700 702 740 742 748 750 756 758 764 766 767 769 775 777 783 785 791 793 831 833 839 841 847 849 855 857 932 934 940 942 948 950 956 958 996 998 1004 1006 1012 1014 1020 1022
1 1 7 9 31 33 39 41 63 65 71 73 95 97 103 105 148 150 156 158 180 182 188 190 212 214 220 222 244 246 252 254 255 257 263 265 287 289 295 297 319 321 327 329 351 353 359 361 404 406 412 414 436 438 444 446 468 470 476 478 500 502 508 510 511 513 519 521 543 545 551 553 575 577 583 585 607 609 615 617 660 662 668 670 692 694 700 702 724 726 732 734 756 758 764 766 767 769 775 777 799 801 807 809 831 833 839 841 863 865 871 873 916 918 924 926 948 950 956 958 980 982 988 990 1012 1014 1020 1022
1 1 3 5 7 9 11 13 112 114 116 118 120 122 124 126 127 129 131 133 135 137 139 141 240 242 244 246 248 250 252 254 255 257 259 261 263 265 267 269 368 370 372 374 376 378 380 382 383 385 387 389 391 393 395 397 496 498 500 502 504 506 508 510 511 513 515 517 519 521 523 525 624 626 628 630 632 634 636 638 639 641 643 645 647 649 651 653 752 754 756 758 760 762 764 766 767 769 771 773 775 777 779 781 880 882 884 886 888 890 892 894 895 897 899 901 903 905 907 909 1008 1010 1012 1014 1016 1018 1020 1022
1 3 15 19 42 46 58 62 63 67 79 83 106 110 122 126 127 131 143 147 170 174 186 190 191 195 207 211 234 238 250 254 255 259 271 275 298 302 314 318 319 323 335 339 362 366 378 382 383 387 399 403 426 430 442 446 447 451 463 467 490 494 506 510 511 515 527 531 554 558 570 574 575 579 591 595 618 622 634 638 639 643 655 659 682 686 698 702 703 707 719 723 746 750 762 766 767 771 783 787 810 814 826 830 831 835 847 851 874 878 890 894 895 899 911 915 938 942 954 958 959 963 975 979 1002 1006 1018 1022
