Score: 23
1 1 3 5 7 9 11 13 15 17 19 21 23 25 27 29 63 65 67 69 71 73 75 77 79 81 83 85 87 89 91 93 127 129 131 133 135 137 139 141 143 145 147 149 151 153 155 157 191 193 195 197 199 201 203 205 207 209 211 213 215 217 219 221 255 257 259 261 263 265 267 269 271 273 275 277 279 281 283 285 319 321 323 325 327 329 331 333 335 337 339 341 343 345 347 349 383 385 387 389 391 393 395 397 399 401 403 405 407 409 411 413 447 449 451 453 455 457 459 461 463 465 467 469 471 473 475 477
1 1 7 9 15 17 23 25 31 33 39 41 47 49 55 57 63 65 71 73 79 81 87 89 95 97 103 105 111 113 119 121 127 129 135 137 143 145 151 153 159 161 167 169 175 177 183 185 191 193 199 201 207 209 215 217 223 225 231 233 239 241 247 249 255 257 263 265 271 273 279 281 287 289 295 297 303 305 311 313 319 321 327 329 335 337 343 345 351 353 359 361 367 369 375 377 383 385 391 393 399 401 407 409 415 417 423 425 431 433 439 441 447 449 455 457 463 465 471 473 479 481 487 489 495 497 503 505
1 0 1 2 3 4 5 6 7 8 9 10 11 12 13 14 31 32 33 34 35 36 37 38 39 40 41 42 43 44 45 46 63 64 65 66 67 68 69 70 71 72 73 74 75 76 77 78 95 96 97 98 99 100 101 102 103 104 105 106 107 108 109 110 511 512 513 514 515 516 517 518 519 520 521 522 523 524 525 526 543 544 545 546 547 548 549 550 551 552 553 554 555 556 557 558 575 576 577 578 579 580 581 582 583 584 585 586 587 588 589 590 607 608 609 610 611 612 613 614 615 616 617 618 619 620 621 622
1 0 3 4 7 8 11 12 15 16 19 20 23 24 27 28 31 32 35 36 39 40 43 44 47 48 51 52 55 56 59 60 63 64 67 68 71 72 75 76 79 80 83 84 87 88 91 92 95 96 99 100 103 104 107 108 111 112 115 116 119 120 123 124 511 512 515 516 519 520 523 524 527 528 531 532 535 536 539 540 543 544 547 548 551 552 555 556 559 560 563 564 567 568 571 572 575 576 579 580 583 584 587 588 591 592 595 596 599 600 603 604 607 608 611 612 615 616 619 620 623 624 627 628 631 632 635 636
1 0 3 4 15 16 19 20 31 32 35 36 47 48 51 52 63 64 67 68 79 80 83 84 95 96 99 100 111 112 115 116 127 128 131 132 143 144 147 148 159 160 163 164 175 176 179 180 191 192 195 196 207 208 211 212 223 224 227 228 239 240 243 244 511 512 515 516 527 528 531 532 543 544 547 548 559 560 563 564 575 576 579 580 591 592 595 596 607 608 611 612 623 624 627 628 639 640 643 644 655 656 659 660 671 672 675 676 687 688 691 692 703 704 707 708 719 720 723 724 735 736 739 740 751 752 755 756
1 0 3 4 7 8 11 12 15 16 19 20 23 24 27 28 31 32 35 36 39 40 43 44 47 48 51 52 55 56 59 60 255 256 259 260 263 264 267 268 271 272 275 276 279 280 283 284 287 288 291 292 295 296 299 300 303 304 307 308 311 312 315 316 511 512 515 516 519 520 523 524 527 528 531 532 535 536 539 540 543 544 547 548 551 552 555 556 559 560 563 564 567 568 571 572 767 768 771 772 775 776 779 780 783 784 787 788 791 792 795 796 799 800 803 804 807 808 811 812 815 816 819 820 823 824 827 828
1 0 1 2 3 4 5 6 31 32 33 34 35 36 37 38 127 128 129 130 131 132 133 134 159 160 161 162 163 164 165 166 255 256 257 258 259 260 261 262 287 288 289 290 291 292 293 294 383 384 385 386 387 388 389 390 415 416 417 418 419 420 421 422 511 512 513 514 515 516 517 518 543 544 545 546 547 548 549 550 639 640 641 642 643 644 645 646 671 672 673 674 675 676 677 678 767 768 769 770 771 772 773 774 799 800 801 802 803 804 805 806 895 896 897 898 899 900 901 902 927 928 929 930 931 932 933 934
1 1 7 9 15 17 23 25 63 65 71 73 79 81 87 89 127 129 135 137 143 145 151 153 191 193 199 201 207 209 215 217 255 257 263 265 271 273 279 281 319 321 327 329 335 337 343 345 383 385 391 393 399 401 407 409 447 449 455 457 463 465 471 473 511 513 519 521 527 529 535 537 575 577 583 585 591 593 599 601 639 641 647 649 655 657 663 665 703 705 711 713 719 721 727 729 767 769 775 777 783 785 791 793 831 833 839 841 847 849 855 857 895 897 903 905 911 913 919 921 959 961 967 969 975 977 983 985
1 0 1 2 3 4 5 6 7 8 9 10 11 12 13 14 15 16 17 18 19 20 21 22 23 24 25 26 27 28 29 30 127 128 129 130 131 132 133 134 135 136 137 138 139 140 141 142 143 144 145 146 147 148 149 150 151 152 153 154 155 156 157 158 863 864 865 866 867 868 869 870 871 872 873 874 875 876 877 878 879 880 881 882 883 884 885 886 887 888 889 890 891 892 893 894 991 992 993 994 995 996 997 998 999 1000 1001 1002 1003 1004 1005 1006 1007 1008 1009 1010 1011 1012 1013 1014 1015 1016 1017 1018 1019 1020 1021 1022
1 0 1 2 7 8 9 10 15 16 17 18 23 24 25 26 31 32 33 34 39 40 41 42 47 48 49 50 55 56 57 58 127 128 129 130 135 136 137 138 143 144 145 146 151 152 153 154 159 160 161 162 167 168 169 170 175 176 177 178 183 184 185 186 835 836 837 838 843 844 845 846 851 852 853 854 859 860 861 862 867 868 869 870 875 876 877 878 883 884 885 886 891 892 893 894 963 964 965 966 971 972 973 974 979 980 981 982 987 988 989 990 995 996 997 998 1003 1004 1005 1006 1011 1012 1013 1014 1019 1020 1021 1022
1 0 1 2 3 4 5 6 15 16 17 18 19 20 21 22 63 64 65 66 67 68 69 70 79 80 81 82 83 84 85 86 255 256 257 258 259 260 261 262 271 272 273 274 275 276 277 278 319 320 321 322 323 324 325 326 335 336 337 338 339 340 341 342 679 680 681 682 683 684 685 686 695 696 697 698 699 700 701 702 743 744 745 746 747 748 749 750 759 760 761 762 763 764 765 766 935 936 937 938 939 940 941 942 951 952 953 954 955 956 957 958 999 1000 1001 1002 1003 1004 1005 1006 1015 1016 1017 1018 1019 1020 1021 1022
1 0 1 2 15 16 17 18 31 32 33 34 47 48 49 50 63 64 65 66 79 80 81 82 95 96 97 98 111 112 113 114 255 256 257 258 271 272 273 274 287 288 289 290 303 304 305 306 319 320 321 322 335 336 337 338 351 352 353 354 367 368 369 370 651 652 653 654 667 668 669 670 683 684 685 686 699 700 701 702 715 716 717 718 731 732 733 734 747 748 749 750 763 764 765 766 907 908 909 910 923 924 925 926 939 940 941 942 955 956 957 958 971 972 973 974 987 988 989 990 1003 1004 1005 1006 1019 1020 1021 1022
1 0 3 4 7 8 11 12 63 64 67 68 71 72 75 76 127 128 131 132 135 136 139 140 191 192 195 196 199 200 203 204 255 256 259 260 263 264 267 268 319 320 323 324 327 328 331 332 383 384 387 388 391 392 395 396 447 448 451 452 455 456 459 460 561 562 565 566 569 570 573 574 625 626 629 630 633 634 637 638 689 690 693 694 697 698 701 702 753 754 757 758 761 762 765 766 817 818 821 822 825 826 829 830 881 882 885 886 889 890 893 894 945 946 949 950 953 954 957 958 1009 1010 1013 1014 1017 1018 1021 1022
1 0 7 8 31 32 39 40 63 64 71 72 95 96 103 104 127 128 135 136 159 160 167 168 191 192 199 200 223 224 231 232 255 256 263 264 287 288 295 296 319 320 327 328 351 352 359 360 383 384 391 392 415 416 423 424 447 448 455 456 479 480 487 488 533 534 541 542 565 566 573 574 597 598 605 606 629 630 637 638 661 662 669 670 693 694 701 702 725 726 733 734 757 758 765 766 789 790 797 798 821 822 829 830 853 854 861 862 885 886 893 894 917 918 925 926 949 950 957 958 981 982 989 990 1013 1014 1021 1022
1 1 3 5 7 9 11 13 31 33 35 37 39 41 43 45 63 65 67 69 71 73 75 77 95 97 99 101 103 105 107 109 400 402 404 406 408 410 412 414 432 434 436 438 440 442 444 446 464 466 468 470 472 474 476 478 496 498 500 502 504 506 508 510 511 513 515 517 519 521 523 525 543 545 547 549 551 553 555 557 575 577 579 581 583 585 587 589 607 609 611 613 615 617 619 621 912 914 916 918 920 922 924 926 944 946 948 950 952 954 956 958 976 978 980 982 984 986 988 990 1008 1010 1012 1014 1016 1018 1020 1022
1 0 1 2 7 8 9 10 15 16 17 18 23 24 25 26 127 128 129 130 135 136 137 138 143 144 145 146 151 152 153 154 355 356 357 358 363 364 365 366 371 372 373 374 379 380 381 382 483 484 485 486 491 492 493 494 499 500 501 502 507 508 509 510 511 512 513 514 519 520 521 522 527 528 529 530 535 536 537 538 639 640 641 642 647 648 649 650 655 656 657 658 663 664 665 666 867 868 869 870 875 876 877 878 883 884 885 886 891 892 893 894 995 996 997 998 1003 1004 1005 1006 1011 1012 1013 1014 1019 1020 1021 1022
1 1 3 5 31 33 35 37 63 65 67 69 95 97 99 101 127 129 131 133 159 161 163 165 191 193 195 197 223 225 227 229 280 282 284 286 312 314 316 318 344 346 348 350 376 378 380 382 408 410 412 414 440 442 444 446 472 474 476 478 504 506 508 510 511 513 515 517 543 545 547 549 575 577 579 581 607 609 611 613 639 641 643 645 671 673 675 677 703 705 707 709 735 737 739 741 792 794 796 798 824 826 828 830 856 858 860 862 888 890 892 894 920 922 924 926 952 954 956 958 984 986 988 990 1016 1018 1020 1022
1 3 15 19 31 35 47 51 63 67 79 83 95 99 111 115 127 131 143 147 159 163 175 179 191 195 207 211 223 227 239 243 266 270 282 286 298 302 314 318 330 334 346 350 362 366 378 382 394 398 410 414 426 430 442 446 458 462 474 478 490 494 506 510 511 515 527 531 543 547 559 563 575 579 591 595 607 611 623 627 639 643 655 659 671 675 687 691 703 707 719 723 735 739 751 755 778 782 794 798 810 814 826 830 842 846 858 862 874 878 890 894 906 910 922 926 938 942 954 958 970 974 986 990 1002 1006 1018 1022
1 1 3 5 7 9 11 13 31 33 35 37 39 41 43 45 208 210 212 214 216 218 220 222 240 242 244 246 248 250 252 254 255 257 259 261 263 265 267 269 287 289 291 293 295 297 299 301 464 466 468 470 472 474 476 478 496 498 500 502 504 506 508 510 511 513 515 517 519 521 523 525 543 545 547 549 551 553 555 557 720 722 724 726 728 730 732 734 752 754 756 758 760 762 764 766 767 769 771 773 775 777 779 781 799 801 803 805 807 809 811 813 976 978 980 982 984 986 988 990 1008 1010 1012 1014 1016 1018 1020 1022
1 3 7 11 15 19 23 27 31 35 39 43 47 51 55 59 194 198 202 206 210 214 218 222 226 230 234 238 242 246 250 254 255 259 263 267 271 275 279 283 287 291 295 299 303 307 311 315 450 454 458 462 466 470 474 478 482 486 490 494 498 502 506 510 511 515 519 523 527 531 535 539 543 547 551 555 559 563 567 571 706 710 714 718 722 726 730 734 738 742 746 750 754 758 762 766 767 771 775 779 783 787 791 795 799 803 807 811 815 819 823 827 962 966 970 974 978 982 986 990 994 998 1002 1006 1010 1014 1018 1022
1 0 1 2 15 16 17 18 63 64 65 66 79 80 81 82 171 172 173 174 187 188 189 190 235 236 237 238 251 252 253 254 255 256 257 258 271 272 273 274 319 320 321 322 335 336 337 338 427 428 429 430 443 444 445 446 491 492 493 494 507 508 509 510 511 512 513 514 527 528 529 530 575 576 577 578 591 592 593 594 683 684 685 686 699 700 701 702 747 748 749 750 763 764 765 766 767 768 769 770 783 784 785 786 831 832 833 834 847 848 849 850 939 940 941 942 955 956 957 958 1003 1004 1005 1006 1019 1020 1021 1022
1 3 15 19 31 35 47 51 74 78 90 94 106 110 122 126 127 131 143 147 159 163 175 179 202 206 218 222 234 238 250 254 255 259 271 275 287 291 303 307 330 334 346 350 362 366 378 382 383 387 399 403 415 419 431 435 458 462 474 478 490 494 506 510 511 515 527 531 543 547 559 563 586 590 602 606 618 622 634 638 639 643 655 659 671 675 687 691 714 718 730 734 746 750 762 766 767 771 783 787 799 803 815 819 842 846 858 862 874 878 890 894 895 899 911 915 927 931 943 947 970 974 986 990 1002 1006 1018 1022
1 0 7 8 53 54 61 62 63 64 71 72 117 118 125 126 127 128 135 136 181 182 189 190 191 192 199 200 245 246 253 254 255 256 263 264 309 310 317 318 319 320 327 328 373 374 381 382 383 384 391 392 437 438 445 446 447 448 455 456 501 502 509 510 511 512 519 520 565 566 573 574 575 576 583 584 629 630 637 638 639 640 647 648 693 694 701 702 703 704 711 712 757 758 765 766 767 768 775 776 821 822 829 830 831 832 839 840 885 886 893 894 895 896 903 904 949 950 957 958 959 960 967 968 1013 1014 1021 1022
