Score: 168
1 40 50 52 97 154 183 225 267 275 298 316 326 367 375 387 391 444 478 548 663 678 690 728 750 787 812 832 841 850 866 891 978 982 988
1 5 112 148 172 187 193 260 278 295 301 317 318 340 342 353 419 446 452 460 558 680 701 707 720 732 783 787 870 894 968 974
1 0 42 99 161 179 184 278 333 336 345 528 553 556 566 569 608 629 736 748 781 787 831 837 870 876 908 909 921 942
1 17 41 51 114 153 197 225 243 282 319 327 426 448 451 456 468 503 511 518 531 556 607 612 616 638 667 746 796 808
1 5 31 53 88 117 162 185 275 365 372 388 438 444 448 460 488 528 630 649 672 697 757 891 938 946 956 976 983
1 58 64 149 156 198 220 262 281 284 293 350 392 404 428 461 468 530 654 676 744 759 823 842 855 896 943 958
1 4 110 115 117 122 203 240 320 326 333 379 463 470 534 564 624 710 808 822 829 875 912 922 955 956 959 992
1 8 33 44 47 161 168 173 207 222 246 256 274 327 335 392 419 456 475 593 663 723 743 757 773 903 944 997
1 73 76 133 137 172 201 214 247 319 357 461 506 527 550 555 570 682 687 711 745 766 814 821 838 923 936 944
1 61 65 102 163 184 237 325 396 511 536 541 542 550 659 663 696 735 756 758 781 818 878 902 915 979 985 998
1 59 104 113 140 206 237 289 298 357 378 387 405 419 473 561 573 589 602 610 658 673 702 817 894 901 967
1 9 93 138 268 272 278 294 356 428 431 458 603 606 634 659 665 677 679 724 730 753 826 854 872 873 899
1 4 76 80 87 96 136 174 223 273 294 350 406 409 437 480 598 610 683 796 809 822 826 837 870 879 883
1 1 7 9 71 85 89 120 241 251 356 384 400 404 437 450 457 485 665 687 836 935 942 961 970 978 994
1 97 142 158 165 214 222 272 298 315 413 421 443 565 587 610 611 670 714 731 817 891 914 936 958 992
1 35 83 159 272 295 306 362 388 440 450 548 563 575 585 595 605 640 641 664 666 678 722 734 777 889
1 13 37 39 44 198 210 233 258 395 397 414 446 490 599 619 638 686 732 771 788 849 860 862 925 950
1 15 28 76 131 194 218 235 237 266 302 335 382 401 404 496 554 571 577 653 690 771 840 898 908 945
1 18 51 240 249 385 414 476 492 563 616 632 634 652 686 690 691 743 770 893 894 910 960 962 996
1 12 16 55 94 125 135 180 190 250 260 282 310 351 399 440 443 468 577 605 682 767 864 940 988
1 61 64 139 161 179 180 182 209 217 275 278 299 304 370 402 413 421 598 646 672 709 745 833
1 7 28 161 174 178 243 337 371 404 480 491 524 530 549 586 598 671 673 718 865 933 997 998
1 12 60 177 185 203 219 242 290 341 415 459 461 531 555 559 590 591 668 840 847 923 926 961
1 68 72 86 113 117 128 191 278 338 410 458 470 574 665 757 784 794 832 858 894 927 962 969
1 14 124 132 302 319 330 404 435 460 545 566 643 679 684 725 752 759 864 867 935 946 952
1 2 11 26 30 48 49 97 134 294 313 322 346 431 447 449 463 484 560 566 622 865 967
1 113 138 158 180 246 269 318 322 344 348 392 453 461 576 654 690 796 808 836 863 872 880
1 20 51 120 149 251 298 308 329 383 422 442 585 615 736 773 798 800 889 901 911 913 988
1 0 44 55 196 294 395 405 452 506 509 526 578 699 714 760 823 863 878 897 941 943 972
1 16 122 123 176 285 322 377 405 408 409 475 480 544 554 618 632 723 726 802 919 940 964
1 73 263 268 323 362 429 430 436 444 458 469 501 579 693 735 746 787 833 870 884 905 939
1 36 111 165 170 305 332 395 487 492 519 555 564 582 587 645 698 727 781 918 931 947 984
1 31 111 184 259 279 471 499 519 533 542 573 623 626 635 662 670 844 861 885 902 912 983
1 28 62 130 163 177 185 265 359 379 416 517 589 652 673 688 704 784 856 934 979 998
1 12 30 204 279 292 388 431 455 462 476 504 518 525 627 631 689 697 733 752 916 960
1 3 70 83 108 192 340 342 363 385 404 439 455 456 548 558 563 645 652 820 922 979
1 33 41 46 130 142 246 276 308 329 377 380 450 520 600 636 757 787 809 948 951
1 18 119 169 196 248 249 418 450 452 544 601 623 634 693 757 773 785 886 920 988
1 72 93 160 167 194 240 252 281 369 377 484 621 657 673 695 722 723 797 870 882
1 54 102 105 162 251 373 393 442 481 529 574 596 688 722 736 798 828 837 897 942
1 0 23 83 163 164 173 352 417 429 498 558 581 588 685 693 719 759 915 966 973
1 50 119 131 163 195 202 214 223 232 320 336 345 354 433 439 590 794 837 948 977
1 1 8 83 161 227 254 264 265 314 552 622 656 671 683 731 790 824 843 984
1 89 108 293 338 344 345 364 428 494 539 544 594 664 666 699 714 868 934 964
1 40 89 105 145 153 154 165 172 297 324 331 376 407 702 720 771 794 838 850
1 12 21 34 63 64 121 207 308 321 324 382 418 474 497 531 550 621 660 841
1 113 184 222 228 315 411 426 565 571 647 669 705 744 747 766 891 908 966 976
1 10 90 125 212 234 300 319 333 383 398 458 703 705 761 778 852 957 963 995
1 10 37 85 252 271 364 486 491 504 566 673 859 874 877 907 927 971 996
1 45 124 163 270 276 354 357 367 468 491 506 739 762 766 785 813 892 942
1 17 18 57 84 101 134 293 406 488 588 662 663 691 889 904 911 920 948
1 30 118 167 186 309 311 476 585 690 728 773 832 864 909 943 959 980 985
1 57 81 109 153 180 233 237 244 287 336 460 461 484 491 503 531 664 711
1 91 352 422 459 485 596 600 678 682 698 711 735 785 792 813 930 969 973
1 4 173 237 255 301 327 376 523 531 579 607 630 652 664 681 848 852
1 37 100 257 274 399 402 428 447 511 513 559 641 762 810 882 952 996
1 9 15 162 178 312 381 386 462 529 544 614 653 731 851 924 951 961
1 56 147 180 328 389 403 445 540 563 568 582 753 827 938 944 991
1 21 110 128 240 280 314 325 370 397 524 525 533 598 627 637 884
1 60 218 226 329 367 373 398 419 470 482 590 716 730 951
1 10 38 102 145 193 246 261 398 509 512 754 801 874 895
1 120 170 189 213 230 249 295 413 541 692 710 782 799 808
1 76 115 140 436 475 534 559 620 775 860 979 981
1 9 67 130 259 274 411 804 825 958 966 972
2 4 24 95 146 158 188 266 284 296 347 396 427 485 489 558 639 648 694 722 737 747 792 881 910 929 941 957 987 996
2 10 83 89 106 140 159 161 189 216 253 319 342 344 362 406 424 483 581 604 648 650 651 698 865 870 891 946 971
2 7 15 123 132 138 233 240 252 271 381 506 555 643 685 726 743 749 759 774 776 831 839 930 947 974 982 997
2 75 157 181 263 288 299 338 360 454 469 491 492 504 513 609 624 630 705 714 736 752 760 923 967 993
2 6 42 44 161 176 287 291 376 390 392 471 508 514 522 571 612 644 645 805 817 823 857 891 930 987
2 39 144 153 194 199 204 210 254 296 322 355 431 529 530 568 638 685 708 713 733 754 762 769 811
2 19 29 55 112 122 129 141 153 178 222 359 492 503 509 546 564 638 699 803 842 857 863 867 932
2 53 71 86 202 238 284 391 412 492 518 527 534 537 549 564 612 769 859 919 922 929 956 965 995
2 53 100 117 143 173 183 261 283 415 483 499 537 543 556 600 643 652 717 760 784 785 792 906 974
2 0 17 27 45 54 98 171 184 243 260 263 265 268 384 431 489 510 566 603 620 629 732 735 824
2 17 114 230 231 256 304 361 423 515 528 529 596 599 621 636 666 737 768 771 831 888 960 980 986
2 28 37 54 58 78 148 150 175 215 230 265 374 432 470 534 580 668 680 821 852 876 928 934
2 20 60 102 155 163 245 248 300 339 364 466 487 507 527 547 560 587 731 809 876 980 984 990
2 77 103 151 178 190 259 270 400 440 502 518 605 632 653 682 710 724 747 807 862 929 959 992
2 21 92 112 221 278 318 323 438 488 558 577 583 585 660 678 700 715 738 770 795 802 820 957
2 23 88 97 346 493 508 525 538 585 592 623 673 674 759 760 761 825 845 945 958 977 992
2 9 36 55 97 105 188 218 350 467 572 584 729 768 781 786 808 816 826 847 884 911 996
2 56 84 93 175 179 182 311 367 413 483 523 527 541 610 679 726 743 753 835 906 917 985
2 50 125 127 167 173 367 368 529 571 611 627 629 664 686 747 759 790 791 853 880 946
2 41 66 68 89 124 133 166 216 338 567 623 655 718 801 810 834 888 929 935 940 971
2 92 97 107 172 225 350 372 432 440 539 557 570 633 660 674 727 854 938 978 993
2 35 129 136 250 277 381 452 481 494 535 554 556 578 652 677 717 764 798 806 871
2 11 69 102 194 203 214 248 349 367 411 431 464 609 641 665 688 834 869 912 949
2 22 77 95 112 166 167 260 345 362 451 575 648 675 676 693 763 765 853 911 992
2 10 38 79 173 202 259 343 371 421 469 560 565 583 779 790 840 842 859 996
2 7 29 56 170 188 239 262 326 385 416 433 553 583 747 826 840 887 903 994
2 6 16 65 110 115 116 144 148 259 360 366 488 643 650 721 730 752 793 875
2 43 47 85 142 173 238 254 276 338 339 411 504 521 610 617 684 868 959
2 3 4 241 330 336 394 406 465 469 479 496 579 769 787 818 825
2 173 180 184 200 351 410 438 478 519 613 620 740 953 971 989
3 23 94 113 142 152 160 224 225 283 362 382 422 427 504 544 563 582 587 625 769 927 944 960 984 994
3 54 82 88 96 194 248 256 299 354 387 400 468 469 506 512 582 604 661 772 801 859 869 944 951 953
3 52 70 95 126 142 178 228 252 272 309 480 516 562 578 580 590 628 652 758 772 813 846 882 884 911
3 32 47 164 201 205 208 210 225 231 419 597 650 684 687 706 728 731 768 813 822 826 836 841 977
3 52 90 138 166 183 235 329 386 428 434 472 500 528 534 567 679 727 789 819 889 897 906 932 963
3 25 74 95 182 191 217 235 254 487 489 495 532 576 612 646 655 664 677 721 742 754 796 876
3 12 34 201 209 243 247 314 342 368 411 441 502 565 652 660 693 717 741 755 770 890
3 128 231 276 363 420 471 507 566 608 731 733 751 822 853 954
4 5 15 28 30 40 67 211 214 272 286 289 378 399 416 570 579 628 642 647 712 732 746 781 811 848 871 930 961
4 7 247 288 307 358 436 475 497 504 517 529 627 657 668 746 822 856 925 928 937 958 993
4 42 138 229 253 380 449 455 477 510 551 566 658 661 782 826 830 871 878 884 907 992
4 13 80 180 241 303 334 336 344 365 367 425 505 517 537 708 723 758 815 978 999
4 95 196 236 283 304 407 490 550 602 718 780 841 900 908 975
