Score: 64
1 7 17 29 70 79 97 111 141 145 152 154 161 163 179 185 215 247 258 264 270 275 315 336 345 380 412 444 446 447 471 477 486 493 501 503 507 566 571 609 614 634 762 778 787 789 804 810 827 846 849 853 856 857 858 864 887 925 934 935 948 963 974 986
1 0 15 42 60 66 99 151 161 176 179 184 248 278 308 327 333 336 345 349 373 386 419 449 463 475 495 510 523 528 532 539 553 556 566 569 594 603 608 629 631 657 663 704 710 733 736 748 762 769 781 787 794 796 818 831 837 870 876 908 909 921 942
1 25 62 73 81 97 124 133 155 168 170 177 180 194 200 248 256 262 291 304 318 321 427 428 434 442 443 496 521 535 544 549 550 580 594 597 599 631 635 636 639 656 664 681 683 688 699 715 725 762 813 815 820 855 867 884 943 960 987 998 999
1 3 19 68 77 102 104 123 160 161 176 188 200 203 236 241 251 290 318 319 320 331 436 449 464 494 525 541 542 549 582 583 587 595 608 610 630 631 655 683 705 724 732 738 743 774 780 797 801 803 832 856 858 862 880 887 932 933 981 982 995
1 4 58 64 129 149 156 198 202 208 220 222 262 275 281 284 293 346 350 359 392 404 419 428 461 468 470 523 530 538 587 626 654 676 681 739 744 756 759 770 779 799 810 821 823 824 842 855 869 874 878 881 882 896 906 928 939 943 958 965 998
1 15 37 71 80 96 97 122 133 142 158 165 169 172 173 176 189 214 222 234 272 290 298 315 320 350 369 407 413 421 432 443 445 473 501 538 565 587 610 611 625 638 643 670 675 687 714 717 731 749 817 877 891 912 914 922 936 941 942 958 992
1 27 38 40 43 68 95 106 116 118 121 127 167 210 232 237 276 297 313 317 319 351 361 365 398 406 407 417 446 468 475 501 539 545 556 559 561 571 593 599 624 691 703 723 751 752 808 848 857 865 874 893 917 928 937 942 955 962 984
1 1 7 20 22 32 67 85 97 139 143 146 153 164 173 192 204 250 264 284 322 358 361 371 396 399 408 425 447 476 477 492 494 519 526 533 545 551 566 599 659 677 691 710 723 758 772 778 799 837 868 877 881 886 896 918 958
1 32 59 82 104 110 113 140 155 177 206 231 237 289 298 330 331 357 362 378 387 390 405 409 415 419 473 479 518 530 561 573 587 589 602 610 621 640 658 664 673 702 713 715 722 728 754 757 800 817 832 857 894 901 952 967 972
1 18 37 51 66 100 112 139 140 165 193 240 249 311 381 385 398 404 414 427 455 476 492 563 578 582 616 632 634 636 648 652 681 686 688 690 691 710 743 770 774 813 832 833 842 868 875 893 894 910 916 942 949 960 962 977 996
1 6 9 27 48 62 70 79 111 141 207 245 275 279 284 292 300 326 344 346 367 371 373 379 389 403 436 454 492 507 511 526 586 598 608 609 628 644 656 666 698 724 730 766 771 803 805 831 854 891 910 916 936 941 965 992
1 2 26 31 60 63 110 117 186 192 197 211 234 269 274 351 403 404 418 444 460 474 476 496 501 529 532 534 558 562 598 602 611 613 623 634 643 678 706 712 741 772 791 796 798 814 843 849 891 898 908 910 916 929 962
1 4 76 80 87 91 96 97 111 134 136 174 205 223 238 273 294 303 335 350 353 355 373 396 406 409 437 480 486 501 527 598 610 658 666 683 686 699 752 764 773 781 792 796 809 822 826 837 845 860 870 879 883 885 960
1 15 19 24 30 51 63 101 187 210 228 261 265 283 300 302 305 333 337 366 367 370 388 400 406 414 420 467 489 509 522 529 531 534 573 585 592 605 612 677 687 691 741 768 771 789 856 885 926 930 934 954 973 977 988
1 14 51 78 82 105 137 140 162 247 253 286 306 319 360 370 375 378 393 429 495 500 544 547 549 553 556 579 581 593 678 697 704 710 715 721 723 749 760 792 795 823 825 840 848 852 865 883 889 939 943 985 988 990
1 40 81 84 93 102 119 128 138 150 181 196 221 222 234 268 286 370 410 428 434 435 505 506 530 540 568 586 592 597 646 649 653 686 709 717 726 733 804 810 811 827 831 834 846 859 886 891 906 921 927 936 962
1 4 74 82 86 93 116 138 200 226 238 244 256 285 299 325 393 402 403 411 418 437 476 510 514 525 530 534 538 548 562 570 583 620 642 669 697 706 710 712 726 743 802 822 854 857 869 930 931 936 939 947 962
1 0 8 30 60 104 107 126 133 148 149 160 164 174 199 227 232 243 245 289 306 323 324 338 413 444 446 454 456 460 515 534 597 601 606 614 661 679 701 735 789 805 825 842 892 898 942 944 947 957 968 970 979
1 91 100 106 110 115 119 120 148 156 174 196 198 224 227 238 275 336 382 433 465 469 505 525 531 541 555 563 571 585 586 598 607 624 627 630 638 665 701 722 728 753 764 780 864 866 894 900 903 915 926 974 993
1 0 18 32 33 41 43 86 100 109 131 133 134 146 180 185 194 197 248 272 283 294 311 352 363 428 436 462 464 481 502 509 514 538 542 565 582 584 601 608 613 630 667 685 735 767 780 793 812 821 903 930 986
1 10 32 37 85 88 109 127 188 204 220 252 271 283 294 339 345 346 364 384 387 414 425 486 491 504 509 566 580 587 592 643 651 671 673 699 705 754 767 831 846 859 869 874 877 890 907 922 927 971 987 995 996
1 16 27 28 56 75 107 147 151 171 220 229 268 294 344 385 397 443 450 454 475 487 493 544 551 553 554 555 559 595 612 623 647 656 657 658 667 675 725 782 809 823 849 856 875 912 945 962 972 983 985 992
1 77 87 105 126 138 139 145 173 188 222 233 238 257 267 276 278 301 317 326 376 389 420 429 431 507 528 540 553 567 578 601 644 677 679 680 708 719 733 775 790 810 819 828 875 925 933 935 951 992 994 999
1 70 77 85 89 117 152 154 156 188 190 200 216 233 248 259 269 288 308 310 321 347 354 386 410 426 497 515 532 580 591 627 643 667 702 746 749 761 785 850 859 872 893 902 908 914 920 937 938 956 970 986
1 38 63 72 90 97 102 137 141 142 144 187 223 243 301 391 397 406 426 429 446 471 487 491 524 552 569 570 571 616 641 679 691 708 716 729 760 837 841 847 851 872 884 917 921 945 948 955 970 988 990 993
1 2 19 21 27 79 100 133 136 155 189 212 230 258 282 319 340 345 365 370 372 411 418 427 456 471 485 487 505 515 535 594 629 632 670 673 679 697 703 758 829 830 841 854 868 904 905 942 944 966 976
1 38 43 50 68 69 71 86 99 113 123 187 200 205 216 221 236 244 261 267 328 352 421 439 458 490 497 501 590 604 632 636 637 647 660 691 693 759 764 776 779 788 817 840 891 943 962 969 977 992
1 1 10 28 31 39 98 114 174 183 189 213 235 240 263 269 324 351 380 388 483 508 536 586 605 625 629 665 694 726 761 791 825 840 852 864 872 884 887 896 899 920 927 930 942 969 971 973 994
1 63 69 98 117 164 179 196 200 219 268 309 321 327 333 355 391 414 423 430 445 460 484 488 514 521 539 541 543 577 597 619 689 708 738 746 761 802 810 820 821 838 858 871 876 895 961 967 975
1 2 26 36 45 65 88 89 109 121 142 207 216 235 263 273 292 321 336 374 400 404 416 421 426 448 457 495 516 517 523 530 544 572 584 620 673 715 728 755 803 804 820 841 842 926 959 990 996
1 33 82 86 91 124 164 166 175 186 190 200 296 309 310 315 316 333 362 374 391 396 400 414 437 439 532 534 569 579 604 605 609 616 655 681 688 692 787 792 795 830 863 873 885 916 926 933
1 21 25 29 43 60 85 102 116 132 190 195 202 260 271 294 296 304 329 342 352 355 374 383 386 390 417 436 445 446 451 456 491 588 601 618 628 655 812 847 868 874 879 913 930 954 960 970
1 6 22 52 84 95 98 112 148 195 223 231 242 276 280 281 291 311 318 332 338 366 376 386 387 443 453 488 496 544 546 556 595 600 602 608 643 644 668 683 717 816 859 872 894 896 908 989
1 47 70 101 128 153 155 185 195 200 208 221 224 232 254 274 296 324 348 358 377 394 437 444 467 495 540 546 609 629 659 705 720 753 855 856 867 880 883 908 912 918 943 956 961 966 998
1 4 16 31 43 48 59 100 123 143 148 167 200 202 213 251 269 285 286 293 327 351 390 402 422 431 435 512 527 602 607 619 663 665 710 711 756 767 775 824 835 863 917 946 955 973 984
1 10 37 61 68 79 109 156 162 164 166 204 207 227 265 295 312 325 347 380 383 403 409 420 449 454 458 473 489 492 521 580 617 659 722 724 772 810 818 845 873 885 906 936 968 996
1 4 7 23 34 46 47 86 99 157 167 189 227 237 286 309 322 341 391 448 451 480 486 530 560 570 611 633 646 657 691 696 718 746 770 772 790 862 865 873 877 907 948 959 971 973
1 2 9 16 32 44 59 93 207 231 232 233 265 266 286 295 338 348 393 404 405 471 538 564 589 599 601 611 615 645 653 683 721 722 784 786 787 793 832 833 861 874 958 969 980
1 11 13 18 44 77 98 129 174 204 216 236 266 277 279 293 298 321 405 436 439 445 512 517 557 559 607 616 624 666 695 713 740 745 754 780 827 853 885 923 924 925 955 959 984
1 33 41 42 44 46 48 76 130 142 160 223 246 276 308 322 329 338 372 377 380 450 475 499 514 520 531 538 546 600 618 636 643 757 761 779 787 809 811 897 904 948 951 967 992
1 8 61 75 91 117 169 179 200 231 233 243 248 260 315 385 424 436 445 466 472 477 552 564 575 576 629 656 672 703 729 781 797 802 808 825 840 863 870 887 889 895 919 949
1 8 61 64 80 139 161 179 180 182 197 209 217 275 278 299 304 335 362 370 402 404 413 421 506 510 513 537 572 595 598 612 646 658 672 709 745 782 833 836 866 868 872 955
1 6 12 18 21 48 53 117 134 152 155 248 260 273 322 402 438 447 459 498 514 547 565 590 596 605 705 715 738 745 778 799 802 823 832 840 850 864 909 915 948
1 2 19 27 32 39 66 83 130 158 159 187 188 202 205 246 261 329 330 334 395 409 418 447 465 492 538 576 593 623 629 659 743 758 760 791 799 805 874 891 991
1 68 85 92 120 166 170 190 213 234 249 288 291 329 332 401 433 457 462 492 515 548 558 669 688 721 732 743 746 749 756 806 811 814 827 838 952 994 997
1 13 30 60 187 188 207 218 223 226 239 243 268 329 353 367 368 373 398 419 470 482 489 491 545 562 566 590 620 716 730 737 809 890 903 951 985 986 990
2 12 16 18 55 63 94 105 125 135 179 180 186 190 196 250 260 273 282 307 310 317 322 337 343 346 351 356 399 412 419 440 443 468 477 546 577 596 605 658 682 694 718 740 767 773 774 782 853 864 898 940 953 959 987 988 991
2 52 57 61 92 97 102 104 107 115 162 172 208 212 225 236 240 255 286 306 336 347 350 372 429 432 440 461 532 539 547 557 570 592 599 606 628 633 645 660 665 674 681 727 732 741 745 749 809 817 844 854 885 908 938 978 993
2 38 54 78 102 105 139 162 211 233 251 265 267 285 303 319 333 373 393 433 441 442 481 498 529 574 582 587 589 596 626 667 688 692 716 722 736 769 777 782 783 792 798 828 829 830 832 837 845 871 897 915 929 931 942
2 34 35 40 44 48 49 80 176 191 203 208 209 219 222 227 264 269 280 282 302 314 339 342 413 464 472 494 544 551 555 594 603 618 657 698 717 739 744 750 763 771 780 785 820 840 855 873 912 941 968
2 5 69 71 83 108 112 124 146 158 159 169 238 250 266 295 351 358 382 435 444 480 483 491 572 593 620 626 650 669 680 699 774 797 800 819 839 876 903 907 911 933 950 988
2 44 88 219 230 238 271 286 313 314 444 452 497 507 553 574 615 670 671 684 696 734 748 757 768 772 799 803 815 825 871 895 944 955 964 970 982
3 112 139 140 151 186 197 214 241 287 357 365 367 375 390 391 410 429 442 448 463 470 478 489 510 516 532 556 562 589 613 622 647 653 686 695 696 700 701 707 722 745 799 827 835 864 875 888 893 899 912 916 924 928 931 941 950
3 3 38 43 77 103 150 151 178 190 201 207 259 270 286 308 367 384 400 440 502 518 531 605 624 632 653 662 673 682 692 710 724 742 747 765 796 801 807 862 887 926 929 931 959 992
